000609070300045060000200140000021000570000024000530000015006000020750009090302000
000000003520009740063080000090001000100826009000300060000060980042700036300000000
000005028005000060062098000000020910304080602021070000000260430050000200270800000
605104000700500009080000000200040093846090152930050006000000060400005001000902704
100000002096080007028603100260000009000704000900000048005401960600030570400000001
600000034189005000400026000010000200008030500006000010000810005000400627740000008
000000000620080000341005800708003000010972050000100607002700596000090013000000000
850090702400100800000000003000025970509000306082930000300000000008001004104060089
032060000010002700070004500000000345700010008623000000008900010004600050000040960
301000000006120003080036204100002400000907000004800005809270040400098500000000109
980000000020500009070903610009070003000604000400090700047308060100009030000000021
208004100700000000040010057000001400061000930009200000690050040000000008007900501
300096720807001900000020008040000000900104003000000040200050000008300205063240009
020037000970140000000200500000000009056000370100000000001005000000068052000320080
000150702082046005060020003800000030000000000030000004300010070900630150605082000
060172003300900000000040001009000037627050184150000600700090000000007008200436090
009000006050620000000385120090000765000000000127000080068473000000018090700000300
910054000020000000076210000083500000009080300000009210000023870000000020000670031
281300000900000000000008007030005709820070054709600010600900000000000002000004196
010890006030000952970000800000961000000080000000573000003000021795000040200035090
350001000000000047006200000130700006607000801400006029000002600520000000000500098
004000705650070008000010090810600000000000000000004031080060000400030012703000800
000000000080064203400002690900001786000000000256800009069200004507190060000000000
070030012006400003030780500300000080000050000010000009005068020900005600860010070
800500000076310500504070000610000000005020600000000045000090107009052860000007004
560090004400031620070400000000000006036080540100000000000008010058310009600040082
000000802000600014001090703090460000040205030000018050902030100610002000304000000
020000000000083040703010009001460800970000061004027900500090608080570000000000020
470000000800000900300521000010300500008197200003005070000238006006000005000000089
000095704000100009019000000800040000147060253000030006000000460200008000701320000
730020000010037208208005000050000001000804000800000070000500302105670090000040017
906040700002060000000500069380000000020103050000000047640007000000030600005020904
006000081000014563000000000092570300001209600008041720000000000819430000720000800
500000000000820160010507800600430070701050608020076009006304050037085000000000006
703400000000807602000300570400010020000263000020070005086002000502609000000005207
006001038000002000008300950301000000000648000000000509024006300000700000750100200
000003700010070925500000008000038610000000000048710000600000003891040060007500000
800000000027004000400001690004002103000060000302900500095800001000300260000000004
400530000090001300203007050000003009010809060900100000040300602006900030000075008
980705000100090000000062000500000920010258030068000005000320000000070004000906071
003900001802070000000802004320400050400050007090007013700308000000010502200009700
000100040200435700050000080890000400007040800004000069070000030003258006060007000
682950000001300670000000000070093060008204300020860090000000000016008500000039726
000500621000008003502010700000100900340000018001007000009070805700400000458006000
004065000150200030003000020300020000008609700000070005090000800010002076000850900
300080006070206900000073080051000000000607000000000250030460000008105090600030005
020036900000090000305708010000000402780000031106000000010903706000070000004680020
030010869000800030000090000006007510017329480043600700000040000070002000624030070
107062000004000001900400080008100205000070000501006800040005009700000300000890502
902480500000000001100500700050906018000000000610805040008007003500000000006028409
047000900000001000018307050600700801000000000705004006020608130000200000004000280
100400008600039100700000060000900702000306000502008000050000006007210004400005009
000000200000902007920600450700005030508020904010400008089003046100209000007000000
500000000000500608009002400008040700020386010006010300002400500604007000000000001
000008035030000920500234007800006002000050000700800003900783004043000080170400000
047100000000030000000005412200070103070080020608090007981300000000040000000008390
640901000000070601000000290058030407000000000901080350063000000705040000000708036
001020870000000004582400006720000000058372690000000023900004562200000000065010300
000102000400000600060740500050007201100308007706400080002016040005000006000204000
042000059003015000000000006300070010070981030010040008100000000000690500650000890
092400000300297104000300007063000800000000000008000240100005000504879006000002450
048000039170050006600709000760500000000000000000002047000107003300040095910000870
500310004000000090407605000010200000054000370000007020000106805030000000100058002
741000000002640170000000000096008000004030700000500830000000000085079400000000917
087001000003820000001009080000000704079104250402000000090400600000067100000900470
519400600820030010000000000060020009247906531100040060000000000050060072002008356
710020500002000000090000470100570009200948005900012006071000050000000800003080064
004000000000002589902080000800035607400000001603240008000010705357600000000000200
006000900000100080030000501620081050005040100010750039807000010050006000002000400
000000002020007084010240059000300071000906000850001000280075010730600090400000000
000000406050010890003670051546009000000000000000100364430065700069030010705000000
300060400007508006090200003921000000000000000000000289400005020700403900006090008
003000000005040700002001060080020104070000030306080090050600300001030400000000200
406003000008600003200008900005000007030040090900000200002800001100006300000200408
100000000007600502800020030000000081016000970720000000090070006305009100000000004
000006009091000060206003100005012000038000610000680500007800905080000340900400000
250010000007200006000000089540000000030158090000000031790000000400006800000030074
104000000000016000030750040000000089040875030510000000090031070000590000000000203
005401000400580003198000000070006000900000001000300040000000367300054009000103800
906004070504307000007080010400000700800020009009000005040090200000702601050600904
007800020009031070000000089040050000690040012000010060420000000030680200080003900
729000460000970200000000003004500090000709000080002500500000000007063000096000721
000000048001005920900430000089004000007806300000200180000073009092500400730000000
008000040043251000900008000056000000104905306000000470000100003000643150010000800
003000705000038000000040910640000000020961050000000076015080000000790000306000800
000300000072400860000050001600000239010000050298000007300070000087004320000001000
678000000000000004500061020930017800000090000001320065090640003800000000000000759
050709000000000300304580010010000908500804001408000030090067504005000000000908060
100000065004000000002087400000068010407010506060270000006850200000000900590000008
050682700108040000009000000430000000070518020000000076000000200000020501002369080
682070000700000001000006300060000002095030740200000030009600000300000004000040123
740001090006700000000520780000000109080000030509000000071095000000002300030100072
605000080000000000007002460540230000002847300000056049096300500000000000080000702
200060040010004080000850000000000092002907100850000000000015000070200050090030004
000000090408000000000580732902360010100050003030041907275098000000000501010000000
300009000000010050205700304002040008000893000800060100608005407050030000000600005
000530801000000000563028400001090008040000090700040500007480165000000000806019000
400009060000000702302006800900350000070000030000072004008200905503000000060900007
461000000300768200000000030047030090200000007010070840070000000005621009000000658
000000000000900260289750000005100007170060043400005800000021384042008000000000000
849210000000009080000003004006090010085020690010040500600100000020900000000065823
500001206020007000000800001100002004040639050600100007800004000000200030402900005
000006000002000183514700000030070400400000008008090020000008371981000600000600000
007001000030000008040060391000705049000000000690402000179050080500000020000900100
000300070010000006037062000005701084043000790780903600000610850300000060070009000
320401060000080200010506008900000020000894000030000006100209080006050000080607019
005002300706000009000000865490030500000907000008050094124000000500000403003400900
000100000010000500508900100490510003030802070800039052003006708007000020000004000
200070384005400060000000009009002010501080902020300600600000000090005800472060001
030000007000280000264000000019020040308467901040010530000000389000056000900000060
703050600000004082502008900100090000000105000000080006007800205890400000006030809
007520030580000002009000000600208050705000306010306009000000900400000063070032400
000100000002000000018090603800760002300519006900032001609050420000000800000007000
700000096080650007000100000000000053062000870140000000000004000500073080920000005
200400010000600204000092005301720400000000000006031502100350000507006000090008006
008000400070040009030920605004000000000593000000000300502014070900080040003000100
850000060076000000000764080000206053060080040230509000040893000000000970080000031
308400706074000800000000025080610000001875600000023050410000000007000380805006201
000000038060050900003020460071008600006107300009200710095070200007080090140000000
000000002060104008090620000000090574001000800249050000000062080800407050600000000
090830170020000000001706090608400000000070000000002809040903200000000050059014080
009306002302400006078000005000600000006915300000003000900000750800001203400708900
002140000000000058060008100820400000001000700000006034007600080590000000000021300
080500400074280000000004700403005200000000000002100503007300000000076810009002030
008007000000600035010905800000200043620508079130009000001803050950002000000700200
400000000010090070902450000650021700020040090004570016000064503070030060000000007
900080005003600201280300000000006400300010009004700000000002057602008100700040002
032070000000000000001000930900500628600982007827001009085000200000000000000060150
300020009804000000010004800030060200201000508009030040003200080000000702500070001
800000300000023094040050001000000036352060478490000000900010050160380000005000007
040000000008950600000083071530700000090010040000006019270360000004092300000000080
000400030000070000810000092003800940006040700049003100570000019000050000060001000
190006800060028004000000000304070500000102000005080706000000000600840020008200031
000080300007006000830000905300620080160000032090058004609000027000400800004090000
709350001010000000000708000001026900078000160006970300000204000000000040200083507
937000000000090000160008093006083020000604000010570800270900065000040000000000987
000008000003720000708400650000649710000000000034572000082007506000086100000900000
001090000235018700060700000070000952400000007526000010000009020004250691000030400
407580000036907002080000000504000000002753400000000908000000020700108630000065107
000810000023040009100900500002076000070000010000430600007009006300080750000054000
000010002100400390673200500900000100040000060001000009008001427094008003700040000
000005900020300005750090380000100067800070001310004000038010026500008090002900000
001028000600000000000109024300000890805000407012000005460901000000000008000240700
149300000003600000002907380030000000000879000000000040018503600000006100000001957
103700400060902030020005008600000074000000000780000001300100020090207060002006705
400090000080002005207580003573000000004903500000000346700031804800200060000070001
000000039907805200000000004020700105460050078703001090600000000004109503190000000
902003508057006000400000000000000473300080009629000000000000002000900840201500306
854023007000100206000000000000070080006508400030010000000000000601002000700930624
000000007060407020000000390210030004900285001800040039054000000080506070600000000
310900800500800400807020006000004500000209000003500000100080702006001004008002013
610004700500002004000000006090010620000080000026040030800000000200800003001300049
546100070000080006000700400000002914005000700281900000009006000100090000030001869
400000700800520100053007000900031560000060000016940007000600870009084001008000009
830204007209000000000050084070000000108060509000000040750080000000000703400705098
760300008000006200000070001300714020000000000050863004800090000003400000100002096
300010480060002001090860000005000008020000040900000300000048030200500060076030009
030196000890000600600800000900610700006000200004058001000002005007000026000765080
530060000004085369007900400000000090008030100070000000005008700146290800000050021
390600000460005000000290060004300600600000005003007200050039000000500094000002083
104250800000008700009043002500000047020000050460000009300860400006500000008074305
000058340234000000000203000650000700009165400002000035000507000000000867097630000
921004000050029600060000000800000000600701003000000001000000060002590010000300754
000046200020007041000230700003074000900000008000910300006025000270400060004690000
013700809004009100000300000500000400240000015006000008000006000007800300901004570
000008010050003000084102095003600000026050140000001800230405980000800030010700000
037004000080090701000003480000006097000217000710400000048900000602040070000600540
000571000000000040000002081400800203210040067703005008390700000020000000000239000
826005000000098600000060004060700010008050300010004090200070000009810000000400528
000000320000083007130079508200008090500090003080300006608950031300640000021000000
907130000000050300106000000003700040704000609060008700000000406005090000000025803
801040060000009304500002000005000001040000050600000900000700002903200000050080109
005680000032100860900000000009004001800000009600300200000000007083006510000035400
000700210000000004643500000537000600820000045006000739000008396700000000062001000
382000000065420300007000000030704006704803102600205030000000200003072510000000473
620004105507103000040000000060000007034000680200000050000000070000801302903700068
100050000700002046296080700981000000000000000000000834009040571610300008000010002
008695007000003000030000040007000304360080071102000800020000060000400000800362500
000246900002000800005100020030000541000030000756000090090002600007000200008673000
240100370000000000000006951000005008017903540500700000938600000000000000076009023
107043908080700000009000010700304000000080000000501006070000500000002030308650201
600900000090080005708065000403058102000000000805620304000870601200010050000002008
030004172006200000000000540008410003000905000900087200023000000000003700547100060
009680005000000002600900400006008070057030920030500100002005001100000000300091700
020060080000058009300000000001005608807302501205600300000000006600120000010090050
804000300000300079130007000000260095005070600480093000000400051240009000003000204
007069002000500470802040000000000047586000329740000000000090705014005000900610800
025960030007100020000000510000820050006030400080096000092000000060002800050079260
395006000026800700100000300000068000007090100000210000004000002009001830000700419
800950070506830400000000002000000600003206900008000000400000000009087204060093005
070800040201300008340005600000038000004000500000250000007100089900003401060009070
000060090000900458709048000026000007007000200300000580000490305594007000030010000
100000000060032501005000860500070000040503080000060005017000200608740030000000004
760000013000360008910500004897030000000080000000020837600003071400019000130000046
080000090510200603003800000704000000008379400000000908000008200402006035030000010
008305071000026500700000003000000004004658700200000000400000007001960000620807100
100000000000902010002000350000003078507080104920700000073000800090604000000000006
080000000361090000005260007640000378100000006532000091800023700000050863000000020
058300040003298100000000700000002008000435000600800000007000000002984500080003420
000000300385000901100340060020103500000090000003806020030024008708000256006000000
008006000006800093000040000300105000029000560000602008000020000150004700000300400
007000080006100002000007000280034705000050000509670021000500000700006500010000400
400000000000000105070900406020740901000698000309025070805002030102000000000000008
748000000001300050900012000006270009000608000800043200000790003070004600000000578
100000600000780000000000739740300005960020087300009016475000000000035000006000002
400612007200043010600009000570000000003000400000000052000800003060920008900137006
230090000470500008090084000000000050500306007020000000000210060100007045000060031
105020009000000000980304070207005008000030000600200904010908057000000000400070806
004369200000000510000070000050708021020050070840201050000010000039000000008693100
000000000083100000725840000006070059500000002470080100000021384000009560000000000
000050070340670000017000800703000000860000053000000907004000260000089041050040000
004050000070008000602740095703000000910070086000000903450017602000800050000020700
000030004510080009000006070005300060040090030060005800030800000400070098800020000
907600008100900200000000000020500060308060407050001090000000000001008006200006301
409378050500400800000000032090001000000050000000800040680000000003004005040932106
002300708060000030853000000000070005036201480100050000000000374080000020705009800
000000201273100000000038000000480095100000006430075000000910000000004759608000000
340001000005000000000458100000047001078000930400930000003592000000000700000100026
309000010015000476400000030200036000000408000000520004040000001678000950050000602
250107000030000500000060092006000005001090800800000600420010000003000080000308069
671500008040000010200700000500900047000000000430002001000006005020000080900001364
000009004005602709100700850900060000002010600000040008098006005301408900600500000
000000007000080023790500000970034000006010200000820064000001098630090000500000000
040300000070050830000009000008000672700040003613000400000900000035070010000006050
051009030000010004300007059009000008425000371700000900190400003800070000030100490
004015002128004000000000000002008000065000270000400300000000000000100926300540100
089000000400000027030804100000068005870050032300470000003109060150000003000000240
300500400070800906002000000100000205240090068906000001000000500605004020001003009
000000003900752480005840700087090000000604000000080910008016200031429008500000000
000400000000075300230001094000000037058000920320000000780300016001240000000008000
300008290000000004009050030002340509030080070906027300060090700400000000025600003
001002080000930002742008000020000007000364000500000060000400573600023000080500600
000000925040601000000000000002096800058070640001450300000000000000503080314000000
000000000000083196960010280000400805500309001407001000042090057139570000000000000
000053190007000000010098000400015760030906010065230004000560030000000400024370000
097008410103000000000046000000031500800000007005820000000790000000000905039500760
100000000096014000030050001201540000004107800000082105400020030000960520000000009
106008000009000007800400300000001080920080054050200000004002001300000900000600508
083040000902060400100000800060100000700206008000003060005000001008050702000010930
006040100000001862000006503800500600000639000009002001705200000318900000002050700
000600570700190304150040000000000682000000000249000000000030097904071003072004000
000000020000002100329000408060078001000401000900560070608000259002100000070000000
027000080405280003000900100761000000200000006000000421004003000100024308080000950
000004030200800000003050204000600485800000001654007000107020800000009007020400000
070500210041000507000000040000005430009407100028100000060000000504000780087002050
006000000000090607130400009000001736003070400897600000200003065304020000000000300
900005180053000000008200000030002000067453920000800050000008500000000390012300004
700503020830400000400001000000000056050307010980000000000800009000004065020709008
010400000000630091369070000006000080075000640080000200000090564530016000000008020
000206347620000800800010000340050000000801000000090021000060008005000093918507000
890050004000008100004000009080400000702060301000003080400000700006500000300020095
270000800600007490000050001000230060002000900050098000300060000027900003008000052
008010003000080400304700000600500904050000010403009007000002501009040000800050700
007020000090000000200560780700005490000932000039600005016074009000000030000050800
010000439804900000096050001000134007000000000100876000400080960000002705521000040
000004380054000000000030260000006752008050400576300000095070000000000120061200000
608000000035100009000067005869010000070000030000090581200970000300008490000000208
070009300130400600060030009000002065000103000980700000800060030002005076006900040
420030070000006004006500029000060015009000600360050000640003900100400000070090032
000000000000009083083140600600020030708060502040030007009052810850700000000000000
009025410000000706403706008000500000005978100000001000300602907507000000094150300
800509014650080030000000008417200000000000000000008745200000000070030052560702001
600800000000040036809000470150080000000601000000050017064000702780090000000004005
072400805300200600004300000000102300200000008009507000000006100001004007406003280
067403001000000700100000004050308902012070840709206030200000009008000000900704250
050000001000000870067004005100250400000687000002043009300400720046000000800000030
090000040000406090508012007000000080309020104060000000800570309050601000030000070
007000000050000070003720465041830000060402010000095640294068700010000020000000300
040082590300050000000300002037200000008090100000007240500008000000010004083970050
269008003700003280000000075000006000020317060000500000840000000012400007900800436
600002089450370000000000000200030540000608000039050006000000000000095063760800002
000607000084002700700000950000026030470000029020710000049000008001200390000809000
000006080005840007984300000001000008048731920200000700000003279400068100050900000
000000020000350007300710800004000301001987600902000700005098006100023000040000000
000070000000085043586400702679000000000030000000000824408007569720160000000050000
037000900600009000050004078380000000002040800000000036120500040000900007008000260
000000000000040639100003427801902700090000080006708302912300006653080000000000000
004021000000000520130500000400700250000010000093005008000007065086000000000290300
005902000100003090079100050057000000206030105000000370010009840060300002000604500
790050002403027000000300040084000013000000000970000260040006000000570308200080054
700600300000100002003590060000000920690000045021000000050083400900004000004005006
209083005300000010006200300070938000000000000000157090007005200060000001900740608
086400205900200000000000000003098062020603080160740500000000000000005009601004720
002086000000040008403005260750400000004060900000009045091700603500010000000930500
960007041047500000000000007000800009480105062100004000600000000000001350250700094
005000020009036500706100038001000056000000000540000200970005102003680900050000800
047200000000003508308000900061005000000402000000100750002000105403900000000006420
700402900000067001108000000049300800000000000003006540000000304300950000001608002
300240009080956040010000000000400000058000120000008000000000060070365010500079003
000000000000009002978026300000000075049273680860000000003980457200400000000000000
500004000400000021012800600786590000000000000000013782009005410670000008000700009
402010500000400092091000004104060000000248000000030408700000380540003000003050907
000007109000001620901000070040070200709040501005090030090000806017200000403600000
000000040094806007007002050002070001001000300300010600040100500800607410030000000
208300500740900000039010000093100000170509038000003710000020170000005026004001905
014900000500000004097350000975000020000000000020000139000063210100000005000002490
840000500500004367300500000000008600200619005006700000000007006735800001009000023
503000400190062000000000098214500000000000000000008713760000000000790085009000301
146000083278006000000470000002000000813020967000000500000085000000100378980000145
002005301700016490000002000071000000500000003000000540000200000025890006609400800
132800605070006000000000080605009200300020006007600104050000000000300020801002437
106038000308040006004000807000000080007901400030000000602000300800090604000820509
002005087000000530300001026740010000000568000000040092620100009051000000970600400
000580003000003920000020680006000009004791800300000500091030000023100000700054000
000243008050000000800070003060410200040030080007058040500080004000000020700126000
090080000006020001500006902040062300000807000007950040308600005700030100000010080
300400080460098050000060001800007000071000230000200007500070000090540013020006008
020018600001000002980057000007000090000862000050000100000620019100000400004180030
090070800045090006060100000020005000004203500000900020000008050900060370003050060
850200700000009080400080000060097040200000005030120070000030002020500000008002094
200000067100000800874060000002900051600724003780005200000040612007000008460000009
607308200002700100030000005000026090700000002060170000500000030008005900006401708
703600000801000600000140090058260000000010000000058120030074000009000306000006209
908002040037401000000090000009007000700040006000100200000010000000604890060300705
000182600052600000000000021080367009300040006900821040630000000000006410001738000
007060002956170000000000001084000007020807030700000250300000000000041625400020800
980040760300000000000210004090006030020507090070400020800072000000000003015080072
000000000090504023645800001020000005008936400400000080500002864160705030000000000
002463700000000600000000012930007001058602340200900067410000000003000000005196400
300021560008000000600900020000012008260705034800390000070003005000000200016270009
800000002200000750000007830004058027000301000680790400056200000092000008300000001
050000014106500000073908000004602000300000007000407100000309260000005301530000090
300090070400000900089000102270004060000060000040500021708000410005000003030020006
000000500013906004806000010020060900040000030001070060030000701700804320004000000
853400006000000000001760000100580000240193057000074008000041900000000000900006584
000005010080000067001672900000000090029801370010000000003947800760000040040100000
500000003006430517030078006000049700000000000004260000300980070849017300600000004
400009081570814000000000000000006470002000800036700000000000000000457038890200005
072050001030021540610400000000000005000948000700000000000005098058370010300090450
400000008070900002000047500004100359050000040961003200007620000600008030800000004
000800947008900300200000001080000000071406830000000070500000008007001600846009000
040058100000004090010600000038005010006030500090700830000007080070200000002180070
700051000902000007080702000840000960007000800093000075000208050200000403000690002
020700850100040200000302704000000600050000030004000000708504000005030006063009080
000000009060400030500000800805100007020659010400003902007000005040001070900000000
500002891000070000061000000000360900006897400008015000000000680000040000317900004
708400109004809003000000000080900000170060054000001080000000000200507300801003205
285100000007003000000620000064801030019000480030406950000058000000300500000004179
098000000003500000000070358402100070010060040050004103137020000000001400000000720
002850000007104000500000083009700000140080069000001300650000002000607100000019800
691000000204000078080095000008040000100807006000030700000670030870000102000000457
000060851060125070000000000087000013000387000320000740000000000010578020249010000
000000094625004000140000700007002000014793620000600100001000048000300217290000000
000600194600040020400013000010000009000325000500000040000480007070090006954006000
520000000003800500080020000006047105300105004405290600000050030004002800000000021
000002080000030007030890065084020600063010570002050830170084090300060000040900000
009003050072000000005200480030600000004020500000001040041009600000000230060800900
000090620205300100000500073800009310000107000016200008430005000008006907029030000
600420010094000000000007002020360090106879304040051070300500000000000850070086003
340000100085000000100030007900810000004602900000073004700040002000000450003000061
520108700310070000000000500400057210007010400052940007001000000000030045005704086
530640000000000050742009000086500703000000000204007960000400176010000000000098045
400005601000060000906400000082003900730000045005900820000006309000070000307100004
008401006070000100200890000000030070092040860010060000000059004005000080300607200
840100000015000000200900074080500000037286450000007090650004007000000840000001063
090210060047060000200007000000000900109403807003000000000600002000090130030021050
600704200942003760000000000100000600780265034004000009000000000021800975007302006
000006009000209514000000073000060401706301802308090000180000000563908000900600000
000010027120869000500004600000041730000000000041650000005100002000532068230070000
000060721000000800000407030005806207890070053706509100070205000002000000381090000
470905800590010000000006000154000000600000009000000247000400000000030054008509062
200000009030001000509306200070040001002030900800090050008702105000500070100000002
302816000090000000081000024000085060006302500070460000450000230000000010000639405
900037006300006019000100500409000000002398400000000307001003000840600001600540003
043002000008900230070010000000401600005060800002508000000070060037006500000200170
809040000000000000010205380065429000000000000000316790041903050000000000000070608
000000823356040000002000000008410050005208900020096100000000300000080647761000000
000056020004000006000097845068024009000000000700960410427630000900000700010570000
070001006000690000500000308005100800000572000007009200102000005000013000600400070
600000000000021000040500031280000400791040625005000079350007080000350000000000004
280301000000059004700000000010000062046000350350000040000000009400730000000902086
007603000003020086000100030100890200005000300002065008050001000970050100000907800
000006090200000000630094020000700506905000301408005000090540013000000004010600000
000340678730850100000000500050600000067000280000001060006000000004025096923064000
010000000006500002008271000000800210300697005094002000000426700600009500000000080
010000200000195080600000009005600003090732050200009600700000004050384000008000090
001000006209010000035028000400300000028000310000004005000930140000040802600000900
907860000050000000100200304040920503000000000805017040501002009000000070000053106
070050904000003100309002078080500003005000400600009050960300207007200000403070060
000410050000030064480200000054000300800000005003000720000001086610090000090074000
900014000080035100240000000005080473000000000197040600000000096009420080000790001
906000000040035000005007160600508090000020000090106007037200600000980050000000208
400002000007000000002830164609700000008301400000009207753046800000000900000200003
850300400204908000000004600900000080005000700020000003009200000000706509001005032
140082370000410000009000000005700008007020100200006700000000200000067000062350049
800064301060000200000001400003008006900000004600900100002700000008000050306190007
030900050007480020410000000053290000000000000000056710000000068070018400020009070
135700000007104000908500600000000096802090105690000000009001407000608900000007218
000010030008045170032900004000000907000080000605000000500008240023650800090020000
109004050700000000003075610230800000000503000000009062018390400000000005070600801
000000005030080902260051000600500040800000006050002007000210039501090070400000000
006000007930600500070043900000000004000729000800000000007130080001004063500000100
000000240200094103000000008720060080008543700010070094800000000502630007063000000
000006410006410950000005070100700060500000001060001007020300000054079300079800000
140230000230090000058000903000500087000000000420003000905000170000050049000012035
010007000504000091006450800000200030000348000060005000005036900180000304000100070
270090080300260000080000000008004650190000042035900700000000020000041003040070065
000015073000000000800406090003050004040798010700040900060102005000000000150370000
907854000050000000200000105300007004002060900800500007703000002000000030000283609
000005900070630400000200003807000006604798201200000709400006000008017020003900000
094607050300000672000005900000840290000000000069012000006400000843000005050203460
700100239060400000001000000020601005090040010800705090000000700000002050582007004
091408000000100400003020000000000047600904005710000000000060300009001000000205760
000030071600100020001900000020009800074000260006500030000003100010004006290050000
597008000810009056020000000000050200980070015006080000000000090730400081000800724
040000032300506070150090000000630000005481700000057000000060017010904006670000090
705903120000002870102000000000009007034010290900400000000000503013500000026704901
017030904000056000030000005003040800004309600005010300900000020000580000301060580
200000060901008000384062000800006000000857000000200005000630947000100306090000002
005000100740803090000007000000050420600000009051060000000400000080905042003000900
500009000000000006040017508004206970020000080059304200208160050100000000000800002
051000000073500609000308000032007008005000700700100490000204000308001920000000360
003150900000000007450300100670003000080070090000600075008002046500000000004031200
000000759630090000040001006280009000010625080000800095300100070000060032194000000
098602000000003485700005000000000874100050002479000000000200008813500000000106950
204007030030900000009068000102006000050070010000800906000690200000001060060200504
015002903000540000824010000200007100000000000001400005000060371000078000107300620
900060370430000000000900100000350280020040090061089000003007000000000013092010007
000000701000000680000726590030002106000571000209300070025139000076000000304000000
259000000000001420000000509000009701060314050902500000107000000035200000000000238
020008006007630004310950008040000000008000900000000070100083047500029800800400010
000080067068400090003906000000000732000705000197000000000504600050002410920060000
000400861000700000080001200008610002032070410500048300009800020000007000263005000
200008750051230000000000000820001600007302400004900078000000000000045160042100003
801000000500700900000910504328190000000528000000067821702039000009001002000000607
100009080008000975000050100800000097000746000740000001002010000485000200010600009
008000030400780600051002740017008000300000007000500210034800570006097003090000100
000000000003264890000008637408000000900020006000000401169500000024687900000000000
000000480348000100000450000900002030005090700020600004000071000001000342093000000
100000000826740000000006003097000058280000064560000930400800000000037249000000007
020008007050002090007100500002096000800040009000280100005009800030800070900500060
900180230002000000000003700010000520000309000049000060007600000000000800086074001
036040000070009010900005000450000008007030400100000025000800006010600030000010290
040009260800000000600001980004170800100040002008032400072500008000000005085300010
000530000000008700000000869310480020004000900090065034247000000006200000000094000
630800000090000340050009000005320900070000030008065200000400060086000050000003091
060080000000164270500007000480000020007000400010000059000600001092451000000030080
000000000000600478470900203809503007000000000700206501502007039648009000000000000
300200000001000000406090073500002081000957000740600009980010302000000400000009006
009050210200800000000902473017600000000000000000005940963507000000008007072030600
006500200052491000090060000910300000030000020000008049000080030000917460005004900
007000000009018327000405000208000001070080060400000805000201000326850100000000900
607100052000000000980504000060000700074000190001000060000208076000000000350007401
003740801001090000000003029820600000009000600000009017140900000000070200308065100
010000000500070200600200305900601007086703540100408002704009003001060009000000060
000860000000003702600700003431000090006000200020000375800007006502400000000051000
200075890000000521000000034000050010300010007080060000640000000938000000057480002
000009723000710480000200900030800000068000240000004070009002000082061000674900000
100080000009705000002400015000300027020000030870001000430008100000109500000070003
007058000008300060020000030200000341300109006581000002060000020010003600000510900
390006012000001000014000900030000700647000835008000060009000140000800000860900073
000000300206000000785000014001670003900358002300019700520000489000000205008000000
400910030000602005008540010600000040180070063030000001060035100700406000040028006
309000160006300000048009005000904500000805000004106000600500720000001400012000908
300400250620900008500008000005760000040000090000019800000100002100005084082007005
006003000030009805900700003703000000004175200000000708400008007108300040000600100
060070004000006031000000506054300600190020053003005410308000000410500000500040060
000300007016920800000060005000000079805174203760000000400080000008019450900002000
000342600063005207000000034200030000080201070000050002630000000102800560008564000
000406000653009000094080000368000000507000804000000165000090780000300956000801000
905000000030000006100807040600018032803050607210670008020904005500000060000000104
902010700006308090000070004000000079800000005160000000200090000030204600008050902
000006000000010000802005167500037809040020050308590006964100302000060000000300000
910000000020075000000801205760003000052000380000200017304908000000320040000000031
030001008001400709200090400000009007000080000700300000008040006904006200100500040
001004096000000004000809217090230060000090000040015080459703000700000000820500300
700000000008901200000002138430000000001326700000000059925600000004705900000000001
690040000000003600300057400807900000460070059000004706008520004004700000000030082
603005470000860500000000000740600000200070008000002051000000000005093000096400105
001040006030720000020300908900002500000000000006800002509007010000036050800010700
000000501430807920620000007000400000760010093000006000100000045048301072302000000
080000000300070064154000000235007008000040000400600213000000837840060001000000050
400100078807500900000002000050000000061000530000000020000800000009004307270003009
400002600000000001058460000090801300007040200001703090000076580300000000006500004
008000000200000807053980001040570000020090070000034050900068740401000009000000500
500800000010705000000030720370000204800604003901000078029010000000407010000009007
600000400003687000000009003400000609900803001305000007800500000000718500006000002
060090410008000007037001000903026000000000000000530708000600820800000900076080040
768502000020000000030940000002000047010485090390000600000019030000000060000203581
000504100048300975067000000014030090000000000080050630000000450495001820006805000
000047000003006040006200080200005301000080000507300002020009700060100400000760000
904003070250000460006450000009000000060127030000000200000034600095000043030900702
000102370003094610100005200000000430000208000042000000007500006084630700015407000
300060100041507000680100000000092600008406900009730000000004059000609240005070008
026010000000000507045083610800000000030745060000000002018360270302000000000070340
165940000000000004400836000320460900000000000006059042000395001200000000000028739
050000000000971050800060907963200000000305000000007349306080004020139000000000090
000630002025000103006015000000300008060050090800004000000570400302000850400093000
096050000200600009000080000600000001025408960300000007000070000900006004000040280
100060032002953000000000000738400026000070000920001874000000000000349500460080009
690700400000400001000009560010300700050607020009001040061500000700006000005004013
030010000705000400006400705300700049000803000450009003103004600007000904000070050
008200700000493820000070004000000065640357081810000000500030000091586000004009500
000400000008200009020008036907081300600000007004720105570900080100007600000004000
283500090007023045000000002006200709000000000104005600400000000760480500050007426
250300700107004000000801000000060420040050070062030000000702000000600902008005017
085300640007020805000000000001004083003512700450700100000000000104080300069003470
576400000004107000800000000040070021007020600980010070000000002000901800000002763
010080905000000004600500007003057690006020700021690400100008009800000000504030080
609031005030500000000000002407000006010402080800000903500000000000004050300690401
000000501020085900000030026160002430000000000093700062270040000004510080905000000
004079010000000930090601000001480065006000700830056400000908050018000000060510300
103009502000002000007140000000005098500070001860300000000054700000600000304800206
065000000030090000700306005007020004042807190100060700200603001000040020000000540
005301009760205000000000008103400080000070000070002506500000000000504031800903600
000010600000072094004000057009001068000000000180300900950000300840120000006080000
204900010000000000650200048800406170000000000032507004320004086000000000040008205
465200000000000125320000000000540000206080309000036000000000092849000000000008514
000400071007032000460000008600809000002010800000507009500000013000290400270001000
603000900500000200000014006002071000090060030000490700900230000006000002004000109
008600053021000004590000000000070105000261000104030000000000046300000270280007300
000086200084000030000400007005090018402010306810070500200003000030000140001520000
200000000010000006006008270000340085003815900540072000074100300100000040000000008
700000000000700890050180306000017020604502703020340000908021030072006000000000008
000040008000002537000000200905600003740000091200007604004000000652300000300060000
280450170100700000470000020000670042000000000560024000090000063000009004053046019
800410002410090800000007500234000000000000000000000379001500000005070026900023007
409000008006540003000008200600009030900482006080300009003700000500036900100000307
006008000000000023000301687901040000070000040000060108837605000150000000000100900
000008604900000200840060000000003801021587340308200000000020076002000005407800000
800010006504020007000000800029670080070134020030092670006000000700080105300060002
896000000005604000200070009400700001067000480500003006700030008000402900000000365
005000308370200410000040000000063000029000680000120000000080000086005074407000800
029500630000002000068010000000000023014050890270000000000040280000700000087006450
000135026000000007000200981108050670000000000079080103741008000800000000250617000
503860000090001073100500000785000004000000000900000861000009008310600020000085607
100580234000907000005000907000000820049000670058000000503000400000308000981052003
000004060000617200002009570200000006003060400900000001029700800004896000030400000
006930005084027000000000790000000001003040500200000000031000000000460270400075100
240000017600000000009508600000400053000801000390006000006204800000000004520000071
504090006000007005030054000067420900000000000009063280000140060600200000200080301
673040000005007000010963050000000467000050000342000000050418070000300100000070298
000270300009030051005900200000002090603050108070600000002009700530060900001023000
504600000000000062003705080105300000040000030000006801010507900270000000000009206
005200470170800000600100200000900100240000095001008000003009004000005087067002900
713000000004000000060410005072045010000080000040190760200071040000000900000000852
925003000030450001007009300060000500100000008003000040006500700700028030000700125
400306000306900000278000000000090203590000047701080000000000352000003908000205001
002473000060190000400005090000000720603000109081000000010700006000059010000631400
003009120000040705000510000100000000400856009000000004000092000904060000051700200
800000000007800409004070010200907030040683090050204007090030800308006500000000003
000000430205140060019008000000000026600812004170000000000500340040023807028000000
000065027000007010305900006569200000000706000000001564200009703040500000950670000
500000200000000304074300051206100000083040520000005103420001680905000000008000002
740000006000000000069783000000041050024305710050260000000429130000000000900000047
008063000000001680690000004080000051000108000710000060100000039052400000000350100
150000030247050000060000009002781090000000000090364200900000010000090527020000063
001600740900004016007030000000410000480000097000092000000060400290700001014003200
002041780810000000300980000586000000000506000000000654000024006000000093058730200
504030000001420000006007000907600000003010800000008503000900400000065900000080305
360000800002900003000463000790000020000746000030000067000519000500008200001000086
401030000000008000000905603020670850006000300043092060308409000000200000000080409
120540000070000300306000050752080000000302000000070642080000503004000070000057026
000008060940003208000000950007000036020030070130000500051000000704200089090400000
000370050030000900028401300000140805000000000904056000003502670007000080010067000
030940720804271006000000000721000000000000000000000675000000000500138204018059060
008009007060508000007200830005003940009000700084900300091005400000302080800700100
800000601040085070007600240090740000000000000000023060014007800020460090908000007
006070004000200080702018065173000000000000000000000517650420901030001000900050400
000020000860003009034060100600078051000000000980610004001090840500300097000040000
125004030000703800000000019080070100006000200001030080460000000009306000050800976
900008020000420600001790050180000400000000000004000063020049500006082000030600002
000300070390000400000000386200063001050287030600410007963000000005000029070001000
000000700005003004700009035500408090021030460040607001950800002200700500007000000
300050000007000008609100200050000003014060970900000040008004506400000300000080002
000000700000310809537000000096005001050231060200900570000000397903048000002000000
002900400000300005600007003010790000086000710000018060400200007500009000007005600
170000000000600000060014829805002000004807300000400608247130090000006000000000031
690008154052100800004000000025043000000000000000610270000000400008006390479300086
000000000000514900004008061300005609910000052608300004820600400001852000000000000
013940000090027800800050010409001000000000000000500704080070009007610030000095620
609000000005902000081050090000007400400125003006800000010030950000401700000000308
000100800013504000247038000000000030032050180060000000000380795000405610001009000
810570400000000070000006300900200840041030790083007002004300000060000000008042036
540000000020030506000405310237006000000000000000700135082903000409080060000000028
000000000007130040031900020000000203084070650306000000050007810060042700000000000
802000000040000003039001468004805071000000000210406300423900710900000080000000906
000000496000000200790500000005304072000802000280601900000009035004000000971000000
920000053000300608005001000000080705000403000809020000000700300603002000210000064
132080009000700050000000830075600010000109000080002470024000000050006000700090685
000349700103700040000000002000003010390514078040900000900000000050001203004698000
900152640500070000400008002000017050000945000070230000600500003000090004093724005
090063000003100090080004005065000009000040000400000820500600030020001600000320010
576120003020000067039000000005900006700000005900005400000000850290000030100038629
790002060052930800060400000000009200100000006007300000000003020005021480040800037
420090000000000000085200064700020450009608200034050008940007580000000000000080076
780000000605000270004750006000670900069000820008091000500027300092000708000000012
000007048000900000013060009000009306007156800506400000600020410000001000720300000
000000106006900048098000200500704300000806000003109004005000830270003400804000000
070500800500000007218900000080000002006894500100000080000007139700000008003009050
130200405000030000900005020008054070000060000040970800060300007000010000201006084
009000006300027001471000000050200014000785000690001020000000368700590002100000900
834700000500260040020090005700000600069000450005000003100020080070086004000007362
005400030000095012100007009020000000053010470000000020500700004930160000010004800
300000504000830010700050690820600000000000000000002056043090002080076000106000008
060002000009000403800310207607008000000050000000700309105027004708000500000100080
001900000074100060309048000000090106000805000903010000000250408080004510000001600
000020007240000060031640900000400091005000200490005000003018740070000056100090000
700000030008006000360092470040070000000509000000060010025980067000100200070000008
165020308008000000030100000000004620000907000059200000000008070000000400806090213
