000030005001040200000006780032700008500000002400003570049500000003010600200060000
061700000400600020300010700000000017680040053510000000005060008040009005000008160
007000000060310520300207000010030000030975040000020090000703004054069070000000800
006007000002001006801905070519000000400000002000000791070402109100600800000700400
500000000031200500060000082600024009010607050400350001290000030007001620000000004
002107086000000040600080105205900000000040000000006201904050007080000000560702400
000004007076900430040000100050310072000050000630072040007000060068003710200700000
700300600000040020030006504000004090005603100070200000107500080080030000009001002
509006018380940000000000000000007309400000001705300000000000000000089042910500703
000009230000680470200007008830000050400060009050000042900500004084096000027100000
062005700000000000004200680005300106206070905701006400048002500000000000007400810
010500000005100700720409300090000063600000009180000070001905037007003600000007040
080000940003048001005000000004087160000030000071250300000000200800420700036000090
000700001000039020900005780300000058080020040740000009091800005070510000500007000
905000230000200000060043000007009402800030001506800300000370050000005000059000807
840300005003905000090000030020400009001090200700008040060000010000609800500001076
910800000000070018000600207700000025030000070850000009205008000190050000000004096
001900000005001024970050000000095002092407560600210000000040031410700200000009400
020050008103287050500000000000000064009000100380000000000000005070391406600040030
030182004008600013000000008000000021002509400360000000700000000520008700600357040
700603900800000003005070086500000020006295800070000009630050700100000004007304008
100600098008007410000008003680000000000352000000000057500700000017400300890001005
200000065006859000000700000907000306020507090501000207000001000000283600370000001
000830260000000000050007008040070013030040050670010020800600090000000000067054000
407080002000000000000520410060002370008000900071900040083046000000000000500030107
009000000000040160030075980081720005000000000300059620052490030073080000000000500
000041002001030007700900500002004000030080060000300700007003005800070400900820000
409000001160340000500009000390050400001000200004070093000100007000098034900000802
000001300030006045604200000008000001023108650100000700000005203310400080007800000
000006020005000000017008600036020500700689001001030870008300450000000700060700000
010400900000000071907008002009740026000802000240061700800100307760000000004006090
000002000802000750000790006068000200000203000005000130600017000091000503000400000
013800005890050030000300000900005000540090018000700002000004000020080046400001890
109007002400805900000000000000000518060000030352000000000000000008702004600400803
030050087000000004000870630806100000001534800000009501063048000400000000170090040
750320010069000000000600200000005960800060007095400000001006000000000320020013045
305080009400000000000000315030150090020647050050039060568000000000000006100090502
006000000000691780007000016020008109000405000708900050170000200032589000000000500
000067005165490000000500000604000052098040360510000907000004000000076428800950000
000690000960305080301000090090008700023000950008900060040000605030509042000067000
390007000000060000001802060107000000059020680000000502030605200000090000000400058
080004090000080004900600000008400700602395401001006900000001006500040000010900030
605003900040680002200010000007000029001000300420000500000090006900046030006500401
800009000067540003493100000000000706010050020302000000000005862600081340000400009
400206900005008046000000001006301070000605000090402100200000000980100600004703009
003008000409050000010200004700800100050090080004007003900005060000070205000600900
508000000700002918019806000000000020006239100080000000000405830831600004000000601
800004003100000020005782000000000095003010600620000000000961200080000009400500006
001705000320000000007200006900600001003040500100008002600002400000000027000901800
500703210007000506100008000900005600000070000004300009000800007806000300013504008
600200309001003700040000000090001005080060090400800070000000030003600200204009001
802500300093000000040009280600002100000703000001900008084300010000000850007005903
060031800000000096700800000100005080086407510050100009000009005570000000004520070
290008064500600090010050000900000730700090008038000005000060020060002009470900051
906010500008007020730005060000036910000000000069850000080500091090400200003090408
000000000021000060903706000005680034300070008890034500000905102060000780000000000
004902001210005080000010200700100000800050004000003005001040000080600057300501400
403107000000060490000000008001950000030020050000078300600000000059010000000802105
090002001001300000000090038940030102000060000708010059180070000000001200600800010
096527004400006000000090070000000203002000100905000000020030000000400005500172380
820010030010039040004000000000060018090351060260080000000000500040590020080040096
006002400000000000000461070080004093700189004420600080090837000000000000005900100
000000000000000758680001940500410060170060039040089005067200081412000000000000000
900007200086012000057000010000090050500806009040070000010000580000780430008500001
004001005090060700502000080206100000000000000000009103070000409009040070800600500
002900000038005090010020300040009800080502060009300050001050020050100480000003600
000006070080000004040207300764008000003000700000900461006702030500000090030500000
006010400900000021004005360000057630000000000072960000048200500290000003005070200
005000080000610500080500706923080000000020000000070392106007020008064000030000800
000000009070036021000042300060003005003080200200700090006390000420560030100000000
000100058000000007000879420000007600037648210009300000015723000400000000970001000
900063000000200000082000503004002000079184650000900400501000240000001000000450001
000060020000009008092008075006140800001000200008092500310800490600300000020010000
000006005006200903084050000098007500300000002002500890000090260809005300100800000
001000480705401000400000005290600000300070008000008091800000006000209807072000300
300007000076310000051008009203900000080000060000003208500800430000031820000400006
000207039700008400000010000004600008500729004200001700000030000009400001450906000
050004000080060150100000400206740000008659200000081607003000001067010020000800090
709050600130608000400002005690000000000000000000000018800500001000209056006030402
000700900084000005300000004003510090105040802070023500500000009900000620006001000
000000000032040106600120040416008003008060500200300678060081002805030460000000000
000801000000050806000042031007000010801674203030000600150290000903010000000403000
204000007000810000850000900006700043700020008480003600002000016000039000500000709
000010009000000570908500000004032750030904060087150300000005906065000000400020000
014060300500000000020000015600073520100608004075240006460000080000000003007080260
705040000002600070390007005900080000000201000000030007800900026010005300000060704
000000080006005030180040092000010009008403500500020000840050071050200800070000000
000008000084600020015700600060903000008010900000507010002004150030006470000800000
080010000091250060300000000600007010870126045010300006000000002060078150000030070
000000000000600025003070104007009001109705603300400900704090500650001000000000000
000024010008600009004500000081000034050000020340000560000008200800007600010430000
560700000040003600000560072000010500300000008009020000420037000007900020000006041
000009782080530000900080500090700001500020009800001060007060008000078040248100000
200800030000003405005000098170030000900080004000020067560000900401700000090005003
700600023043002006000030800000025000009406200000190000004010000600500140930004002
003004000860000000920736000400009580300000001089500007000961058000000064000400700
400000000001980040832600100000002005063000980700400000007009863080026400000000001
000000500040012038009400100020071006900000001700960080007005600850290010001000000
603090400000007000000300010009000054034502190250000800020008000000400000008060903
000000000053900048000300025210600900000020000004003012630008000420009160000000000
006000000000080052190200000000004570409176308012500000000007016630010000000000400
400090000200008050000650029350080700800000005007020098510062000080500007000040001
700000905060079010009380000000000058608000203240000000000061500050790080801000007
000070400500009300004800050072100003000000000900005680030006800005300002007040000
000000000010600007805210930030980040000000000080041050092036405500009010000000000
106500000037096100000300700000000800083702410004000000008009000002610390000003506
000350260000000000003024190060800002780000056300002010098130400000000000031047000
902010540053920006060000000008002001000000000300800900000000070400056180087030405
540030090000007054000060300038170000100000009000026710003040000820700000050080047
007300500060080000002001060090004600100697004004500070030400100000060090001009800
980007060062900300000000002007040283000070000428030500100000000006001850050700031
600000004001900500030001800107860000000010000000097201002700040005003700300000008
000400090000620001780005046690050020000703000070060053360500018900036000040008000
100900020000740800080000001309100200001452600004009107400000030002094000010003004
000007000005020006731060020400000600590080034007000005070030269600040800000200000
100080009050000280007005301900736000000000000000419005504100600062000090700060002
700005090009200075050039004007000020400000003010000900100490030870006500030500001
000000004070002030360500007020490060009201700040073090400007029050600070600000000
600590070008002003017000000000640000304020906000031000000000130400700600020016008
040900005000010000500000306300002080006000900020700004901000002000030000800007010
000587001030004500200000608000700003703000804900003000604000007009400080300692000
001060000007900580000007060400092007000574000200130006040700000053009700000040800
000000000000076204405832000060008007034010620100600040000185302302760000000000000
730410009005900000090032000007000008000856000200000400000620030000004100400093025
000530091080900030000108600003000000250000064000000100009603000060001020530027000
006970000310005000004000070040700200001080400005002030030000500000500024000091600
000080002410000500009710040050000001607050203100000060020093800001000027500020000
607509000200004000080000010130080400090060080008040023060000070000600002000108506
264000300030006081000300000000010026009627500650080000000008000320100060008000453
240060019070000000000509800400900007500030001300002005006301000000000020120080053
060700450007100000320000000480030700100000006005090041000000017000004900093007020
060070000000900005020061800001700324004000700736009500008690050400003000000040030
306700000050000270000008006001039760000060000032480900200300000095000030000001405
000000106060810230100006700407061000000040000000780403009600007016039020208000000
000006400000080039000937000013000980790000026082000340000528000130060000008300000
540000009100000070009050006000008042490020051870400000600040100010000005900000024
000009000081650070053070100008000067060708010170000900007080520010097840000200000
000310040004005090000700008850003009040090060900800013300002000070500600010036000
000009060006834050008600309000080003000401000900070000403006100010395400020100000
900008030500000000031096000106000000008917200000000708000230480000000005020500007
906800005000060004023100800000002010007000500010500000009001360400090000100006902
500003000900580000040007050005004200270000065009700100010600040000058007000300002
010490000030800000804006100200007490001020300076900002009300204000009080000074050
000400700069107004000006020007000059030000060590000100010600000300905410008002000
000500100080036500500012007408000000062000780000000306700680009005970060006003000
500902000000030018300008090030005070070040020080600040040500007150020000000804009
078002000409750000150000000000107063004000700630405000000000042000024308000300590
056000000009076100102500080000005003060000090700400000040008609001620800000000350
000000900405019200000800003090070300301020509006030080200004000007250604004000000
000020097000107300030006400004500001010000080500008900007400020005602000480030000
300201004060000000005000038900600700050040080001008003530000900000000040100907002
042700100000000000006300084603000010080090020020000305310002400000000000004008690
036000090027601040410000600000730000090208050000015000001000067070802910040000820
000200016160034900007000000000007005576000293400500000000000300004380062620005000
000008009000610050740005100450060090000000000090050017001200043060073000900800000
026500000800000903300070000000012030200305004010760000000050009402000008000001650
059740000000000000600000095905020060060401020080060507120000009000000000000016430
007200000060950030290080000000100450300020006059008000000030091020074060000009200
000000000000040501370100802050260010800000007040081090207004039509070000000000000
020009003500000760000000082000903200041807390005601000450000000016000004700100020
800005300000600000600010079000030920004080100016040000280060001000004000003700005
025080030003076020001300690058200000000000000000004350014003200070420500030010470
000800510000005200000190034610900002400000008500002041930041000004600000062008000
310000000000010400907800000002006040800309001030700800000007305001090000000000029
080050790105370000074600000700500080000060000020007004000003870000085206017090040
041067000002000000080104000800400060035689240060005009000301070000000800000540130
310009200000000006000310008080070500400502009005030080200043000700000000009600047
002560004760300008000007600900000000084000720000000001001600000600002047200045300
000080600350600008020004003000000970100000002048000000600300050500002031004010000
680001072000070600000406003210000000509000304000000018700304000002080000840600039
000070002000803060003560001007000680600000004019000700500048100030605000200090000
027009006300070420401600000050000000010542060000000030000003601032080007100700380
100000945030500806000060010520000000001908700000000031090030000403006080218000003
970300140400090036000000000080900204090060080206005090000000000820010009037009058
090800000005000079300002006700500430100324008034001005500600007980000100000009080
007650010000000004840070000000500106200816003105007000000090025400000000010083600
000070901000004000010209460000000003620143087800000000092605010000400000507090000
630020900040500000200009000090800200002731500007006010000600009000008030008010045
000409860090001000026030010000004326000000000368200000050080630000500070043906000
903600000058703600400010000060400000009000800000001070000090008002507310000004206
060317900000002400008060001000600090093000160040003000100070500006500000005134070
040200073210000000006040002800009000003402900000700008500020800000000047180006030
030970400807046000001000000700008600009000800002300005000000200000820906004097010
000003482000080009000604500090000300021000970003000010009701000400060000376200000
100000000000870020207403106006200054004080700970004200603709802090048000000000007
046080020000600300000009706001200009008967400600008200702500000009002000060070190
002600010700052980000730000260000300070010040001000067000063000034170009050004100
006080907700305008000000040400006090900010006060500003040000000500608004807040200
410300060000001700600000590740002009200000005900700043026000007004600000090004016
481009000000100000300020000070005240603000907042700010000080004000001000000900576
900405032004003750000070800009500000050020090000009300003090000091700500680302004
000500001300700050490610800036000000008030400000000530003047019020001005700005000
000008300071050000600320109100000680900000007067000002409071008000030460006200000
790630012300004705000100000000500001002000300600009000000001000503700004210058076
256900000003628000040000000000400070100080003020003000000000010000736500000009732
010670800006000400000008050004310000300000009000097100040100000003000200007026040
006037000000000007000805402002000001839000674400000900705408000900000000000170200
090800500000901780080007009102700000000000000000003204600400020078109000003005090
035000000080107300102005040008510000003000100000098500090400702004206050000000480
004000000070800190900307005000000280600070004053000000800401007091002050000000600
200980000050000087760003200004190000900706004000048100007800012420000070000079003
605090740009104000000060100000001450090000080084200000001020000000407800057010302
400000290006190743000000005000230080009604100080019000500000000763051900018000007
000009000000830071510000030201400060000972000050008403070000018860021000000600000
092040078700860100600027400409000000050000030000000504001430007004018005530090840
200600040010300000000019000400000690036104820082000007000560000000001060020007009
000900300000015000009000007350009708000156000102800069800000900000460000007002000
000000001504008060600470090000020005307040902900060000080097004010300709700000000
000000100000002004002680700490010270200050008036040091008095300900800000003000000
605030097070000035300700000000005040001674900060300000000009003890000050150060709
530978060004000900008002000000000600026403790009000000000500300005000800080369054
000000003205380014700400050050006002010090040300500090070004008530078201800000000
000900000050004910040513007006000700020040090008000300200837050037100020000002000
003800006070060005090005000009400000041090360000007900000200080800030050600001400
000000000003706800007081002010005208930000047508400090300620100001307400000000000
200300009600200700549000000000003008020906050400800000000000162007002004800001003
070000300520006900809007206002500008000000000900002500207400109004900032008000040
059000000000289000007010090000090017901402603380070000060020100000541000000000240
000659000050000001000024590000000280007905400091000000076410000400000020000793000
000004037009670020000801900004000060200080003090000700002405000070068100150700000
805290006040006000001000000708420060300070008060083907000000800000900020900068104
192086700060700010000000800600000493000000000849000001001000000070003040005640127
030500000000000015800073009260040000970000024000020096600210003780000000000005070
000500070600002580000049200700000690006000300031000007004270000072300001090001000
400200000007041300029370000890000000006080100000000024000094260002860700000007001
013020754000000000200064010700010400000402000006050002030640007000000000582030640
010003000067009020520400600000007004070030080100500000008002059030700840000600030
710000490000980020000000006100500060006408200080007009300000000090023000024000071
079050080000671320000400000000000003068000750700000000000004000084167000090020610
040030000030400500005009006800600120160000059024007003400800900009001030000070010
000037009000104800006200070000000087608000405950000000060005200001702000300860000
600097030009020500010400090108200900000000000007009604060008010001030800080750002
906007300010000000200009060001006000490712056000500900050300007000000020007900403
902000700000600021050207000000002910000704000013500000000103090430006000008000102
200003005004570000000068070005000090002709800010000700080610000000037100100800004
000050930030200010000160040005032070300000002020970500090021000010006080074080000
000000602005804001900000500000008034000060000820900000001000007700506800209000000
021000780037092500000100000000400005890000064300006000000005000009230650058000130
000007001600149200000000340074000900000503000005000610027000000009654008500700000
000700302903005000000003040042600000570000016000009470060500000000300805405007000
000004070000600005020070903000590200500020004008061000806050090400006000070100000
000000000500100480146000007420008100000906000005400072900000721062003004000000000
240056000063100200010400009700000000000721000000000005100009030005004870000570061
600580900010030020070001005000920070900000002030054000500600080020090050001045006
800000050000600020000032480005004910042090870089100500058410000010003000060000008
340000050000270001071000800000350017600080005510027000009000570700043000030000086
020000670000002043400007800015090000000000000000060130006800001230700000054000020
080130095000000000002009130065007200000010000008900340021700400000000000840096010
300400100000008020958000000700950000090106030000087004000000547080700000003004006
006000008070540000043008090400003160600000007012600004090700830000052070700000500
052300000004060070680790000000000900400613005008000000000039068010070400000004530
070100900000629001000007060000001450031060280052400000090300000500978000007006090
000000008091400050000300270053040000004020900000080510089004000060005780300000000
000002405000000029000000310403780200980040037007036504094000000130000000608400000
070002050100000000009100403840001000900367004000800061708005300000000008030700040
000300000700009524000072003030006050100704009070100060800590000345200007000003000
940001060503000078008006000006725000000000000000463200000300600830000901050100023
001450720000100600090300500409001000000704000000800907008005090002003000016048200
005007000900000007080091304006003000073805410000900600809710040100000002000300900
003080706005060840000000000800005001020000060900200008000000000097040300502030600
507830060090010005000500009806000000030040050000000906100002000900070030040053601
000080309000409000000076458840000500009000600005000017397610000000503000604090000
610002030403700001000030200000000053008050700570000000006070000800003406050100029
390000760005026090700000005000002180000179000051800000100000009070690200029000048
840050000009001040316800020470000000000608000000000037060003251020900300000020074
080007062000046130000200704030000000052000980000000010201005000095780000370100050
406013790009720040000000000700000600048030970001000008000000000080045200034980507
002807016010260300003000000027000060400000001080000240000000100009018020150304600
200010068500003000014528000000000027006000400730000000000165840000300002950040006
000006450000100708000450001070090040005030100020080030200068000908002000016300000
007049002004007000019260000002000008043070910900000200000031860000800700600720500
039070000400860000000005030100000805098000620507000004040600000000087003000040280
400809507001030009000501300900000600000040000002000005005107000200080700709603008
120800000007304000040000800302050004050010090600080702008000060000706200000008031
809005000000006050004720009006014305005000900207650800500031600010500000000400501
500630000000012604010000000054800090102050803080007540000000070705290000000071009
900005300070100046002400080000230009000010000300048000050004200130002050008700003
100020000000000306807341000500000000010208060000000008000689501705000000000070009
600000000005890010080000504002910000000206000000048700703000020060059400000000006
000016000025900100900000000090105300300689004002407090000000005004003680000870000
032704050076105000000030000000000820840000065095000000000010000000408630080306410
002400050000030000000000694607001009091040860200900103435000000000070000010004200
917000000002460000040370100800000700700020004001000006003085010000034800000000437
600180570000006408000450000005000009910000024400000100000078000803500000076041002
600005000800260000043701000050009306010000070408500090000903450000052008000600009
900040057436000000000001003040003800009020700003800060300200000000000285210050006
000008020010000000004730001600091008020000030900370004700049800000000060090100000
000000000000095408600740590002016004050080060800450200025069001306120000000000000
708004600000000007690130000407000000050401090000000102000012069500000000006500204
002013006000000000100700390047120000003070900000049710096007003000000000400830200
029000000400089060600470000000000704050903020306000000000024003010560009000000280
510000000070300009090041002380000000000918000000000057800250010900003080000000023
302009000000000000009060513205600009081040260600005108928050600000000000000400302
000000400005090007049062810000000024053070980260000000086920140500030600002000000
700004000000000700490076001500300800082090140001007009900160028004000000000400006
000047380080006510000000004090000700001578900003000060400000000079100030018720000
490870000203090000070006000700000010168000592020000007000200060000060704000051029
541098370030040000908000000000000057009706400710000000000000103000030090053610748
410200700000050900508004003000000030904000601070000000600300509005020000001007024
000000001000509264008040700074035100000010000001720530003050900495302000700000000
006100008000064100100000000053810070097000810010052390000000004008620000700008200
000000030000370001090014670601050009039000460700090803058120040300048000020000000
800093000040000196000400000004038709020904080903650400000006000679000030000570004
000020070001704005000005120825000003007000500300000298048600000100809400030040000
000960000610703000030000004001800206200030005507006100900000010000409082000018000
000040083000900600030000040009480010008000700010097500080000070006005000240060000
392054000050097000004800000008100000700030001000008400000001300000780060000340527
293060070001009000000000006030057002002681300600340010400000000000100600010070829
042650000090008000803204700021000005000000000300000260008902501000400020000031970
500000000007006000394180000100020706700030008402060003000045912000900300000000004
007009050608000000590004700000700000401506807000002000003100086000000204060200100
030070000008200004106004500360002400000050000001800095007300801400001300000040060
920017400010400300000500007501000030000060000030000701600008000007001040008720053
000600100000038096070205300005000020700000008040000900007109060160840000008003000
000052100000000082082043000700000060046090370010000004000530910870000000003680000
740000090006000000090537000008001200300020008004800300000715040000000100070000052
000003809007200100500019000460000300300000008008000026000480007004002600106500000
050000000000504800000700305025078600039060210008320450504007000003806000000000060
600000005000017400100200300000040083005109600930080000009001006001920000800000004
400009000001730000023000900040806530100020009087905020004000250000063700000500004
006000003070030080080400720740800100000103000001006042064007090030010070800000200
060000000400800100001054026900012070002000800010680002150920700008007005000000080
000000013400098650000050790002700000010000030000009800031080000059460001240000000
800650007000007690006020000000070010082000750010040000000010300043700000600098005
000710805014000020008003064000105000200030008000807000160500300040000980807042000
309846000016000908800900030060300000900000001000004060020001003601000250000625804
000076002000003047502800060800000000096050780000000009080009506640300000700680000
000007009005300007000090061406000000020010050000000304610080000300004800900700000
468015000300009000090380000240000600610000023003000094000097050000800002000520849
300500090001008000070940006800000361000000000625000007100025070000100900030007008
061003007904000600802006090050200000000349000000008070020700104005000708300600920
300000000089600000102003487400000070008010200070000009217800905000002610000000008
006000000300901085080700002009000070007469800060000400600007050240503008000000100
801700000024100058650000030080600000000941000000008020040000082270009140000002507
000000000006000095900205460067020009400697003300050870054801007130000600000000000
000020000000100090267000040004005016800060009120800500050000163080007000000010000
940370000000050200020006004093001000600000002000700690400600080001030000000094025
000908507780200060900070004000000793060000010397000000400090001010003078608107000
040000000030020010826070300000038100080451070004260000008010946050040030000000020
127090300040000000005006000060003824000020000258400070000700900000000030006040758
094000060000054200300600000000000945040395070589000000000006001007910000030000780
600000070000019053000300000000070640060050020019040000000002000890760000030000005
000000000008002700049010080004209007001843600200106900070020490005900300000000000
070008000940060000002700380700000200069010840003000007035004600000090032000600010
200080035380000600007500200540000000000934000000000046004007300006000094830050001
020900800090048035600000000800009023000010000970300001000000002580730090007002060
040009073609030000000025000012000000360000097000000620000150000000080905780900010
005000400000100307670480900040000500000372000001000070007048091104009000009000600
003900608068003090200000000000038700080509020001620000000000007030200560704006900
085307000049050080706008000021000500000080000007000690000800107070030460000605820
310000002009020000000006530600700305070000080504008006067100000000030700800000054
824630010000009000001400000090000002082040560500000070000008400000300000060014897
000400070708030004000810900207000000046000350000000708001045000400020109060003000
007300005540000300000014800100008000060040030000100002005290000003000078600003500
020800090006300001007004000630000070070405010050000086000200900500008300080003060
400100670502000080070048000003900020000080000090007300000850060050000908018006004
950400800300000000006105000200008090004070300070600004000807100000000008007009036
130907020200800007807000000061000000000291000000000130000000503700005009090704061
850030000000005700706901000000009140000000000028400000000306502009200000000010037
000070000000006071004009032620910087000000000340028056470800500180300000000040000
000009000000100960139020080005001000700345006000800100090010835028003000000400000
006700002200010009400000810170900000085000230000005071041000008800020007700006100
790183500000000000400605009800209065004000800160708003600507008000000000009832046
002007304008003000100000620040000006000674000300000010094000003000900500601800900
003900020060075130009400000500000308030000040407000001000006900048520010070004500
000000000060700045705004902003480006020000010800062300907600801210007030000000000
800051790004072800700000100000000950000020000016000000007000001002510600041860003
000000000301075090074000300029043750000020000057180230008000410040960503000000000
091000000000590203007002040430000080009010300080000065010900400704021000000000630
000045100002100070000700600009056080025000360070390400007002000030004900004960000
000006000003007601100300050008900003070165080900008500060002005507600800000700000
001000060900032070000400000710500008002604300400001026000008000030250004020000800
009002006480060005500000000200038000060109030000740009000000003300070042900400100
501092008070506300082000000000100000210030074000004000000000490003905080700640503
300000024120300600400280000960000500000070000003000096000018003001009065590000001
690200001000700048040013000804000006050000080200000403000930060980005000300002079
250009040000000000000350028004600870900070001037008200810092000000000000070800096
000070050060050100210003097037200000000010000000004580590100076001090020070020000
406008000008370000230006000804007010700000004020100805000600032000025100000900708
000027031000380500000600080300050128007000900514090003050009000008072000790430000
000002300000070005007438019146007000000000000000500834360814900700090000008700000
200000090000005208010900460000028000006070300000590000094001050708400000020000006
500006007400081000016900020000009000209000703000800000070005830000690001100400005
009000076700002100100000040000180020003256700050047000090000002002600007840000500
003067290000004008100900470700400300000000000001002009017006002200500000064210700
000760900036409007400000000300040150000000000052080004000000008800105670007026000
135200000079400000600030000004062000083000120000890400000020005000004260000005874
067309005000004700809000020700000010000632000090000004080000503005400000900506840
000029050704000300060000000046300700003706900007001530000000010002000409080970000
090000800004050000800309500400700280009832100038004007001403005000060400002000070
000000061090008730000000200000860054040239080830041000009000000052600090780000000
030006057009700003600003100900300200010000080003002005007400009100007500390200040
009000008100300050000089301001000030308607109090000700703160000010005004800000600
005073000006200301000400570008000109060090030509000700084007000701006200000310600
090000005700060080005289700380001000000000000000400028002713800040090003100000060
000300000209001300000049600080003205370000096602700030001290000008100502000008000
090007084000060000000009502072005049000070000560200170904300000000080000210700030
700016809005000010000900470010030007080000040200050090058002000020000700307890001
009068305030120000100000000270980004000000000900053026000000008000094070502870900
460090050000002080007300692000000008076080920900000000724006100090100000010070045
030000901170050000000108053040010300000704000008060090260501000000030069503000010
000400005036509000004061900900000000058000630000000001001640800000203470200008000
060093200041680070300000000675000000004000900000000516000000003010059720002470050
200000000000238050003000281601009570000070000078300906195000400030421000000000008
000003060000010204000890701450000000001439600000000089508024000302070000040900000
807190000053000000000006080600001024009050100710400008020300000000000890000074201
409067200026140800000000000000090005090406020800070000000000000007029480001350602
200400000000102089003060014010000900040050030009000070960040500180206000000005001
000095400000300205600200090070000006000682000400000080050006009703004000008710000
000007500050900600100000098600830420200090003031042009510000006003008040008100000
007580000430007000800400200084000031000000000210000540006009007000700029000048600
040200900000009003200006050002001000500020007000900600090800004600400000001005060
500030049009200075000000300000003900400859002002400000006000000930001400120090006
070001924000007860080000000040005000503010602000600050000000010061900000729100030
000008003480000500031007890000510900090402060006039000024300680003000025800200000
000100000000040027000003149004020035000000000150070900937800000820030000000005000
000405816050061300400000000000000061804000703720000000000000005002850030145907000
042100000000090000000006401010009780706040503023500010305900000000060000000005130
500000300061000089003010600978032000000000000000560972002040800340000290005000004
000000541000040090004001208002010980000807000087050400806200100050030000723000000
830000000012340006700006000000080002048000910900070000000700003300021760000000054
000009250075038000000000001401065030009000600060390104300000000000970410014800000
000025000020000100060904250506070000030502040000010508053206080009000020000740000
000201080000070009270600050000000730013060840086000000050003074100080000020507000
010078003040016900708320000020000000900000005000000010000043608006850020800260050
700002000060075800058040100809000000040618030000000708003080290005230010000400003
745090080009020000020105000000000362070000050253000000000607040000030700030040516
040007800000000006007510042000650710005000200091073000150028400400000000008100030
000000700000004012760001904510300000003060400000002038409100075150800000007000000
000065002000100004010000850020900508400010007708006090076000040500003000300470000
409000005080276000000540200000000972000000000167000000004015000000364090300000406
400000060200157000001000700030006800009508400008300070005000100000891004080000002
000013504030000086000048010380000900700000005002000048060430000820000070903820000
070800009003000070008050300000009005059704130600200000001020400020000800300006020
000009270000300400000020609000070030670905021080040000206090000008004000045700000
480000000002000008005600420700910046209040803640053009076005900800000100000000032
000000010480900003600002900040090270000020000058040060007800005900003086060000000
070090000080120000501006090918000000060709010000000569090600203000013040000070080
301700004000004007000530092004000203000080000105000700530092000700800000800007609
000080200000000849860000050500049030003571400040630005010000094432000000007010000
800002600000500000025030070602000800050010040008000905080050710000007000003200009
206710800000000001000069300009000020000137000080000700007980000400000000008076109
000745002000000004084100000010030680700000005065070020000007530900000000600821000
000000060000009107005300248049230006006050800200016490673005900502600000090000000
900700210200509060000000000370010000005000800000060037000000000080201003039007005
000800000080047005600025070003000001906501704500000200090250007200170080000009000
000023700700000009063070840070300400000412000004007010059060380400000005007950000
000040809050000000007109630000000267000821000592000000045603700000000090106070000
100006050000025090900040201000000075200000004670000000408030002060210000090600007
908050040040000050100007600002800075000090000780005400004600008030000090070080306
806400000000096340300000000120000400980501073005000018000000007012670000000002506
001028300600000000098300000004006100062153940003800600000001450000000009006490700
000070040004100907500200000700000028098000760650000001000007004402006300030050000
001000000900083200650100083700006050000000000080400007290001065003870004000000300
740000000068070000000108000620000051031050820580000043000402000000030710000000092
000800014000002500060000078700050860530000097084020003470000080003600000190004000
100000750075890000000015060004000296000060000726000400010640000000053980058000003
000000000008005700613000025087530004000106000500048170840000651001600400000000000
010000000807400000050026000605003170070000090023700406000890030000004801000000060
000000000068009005250670000030050600681000459009060070000045081800100260000000000
000500304069028100000010600000000805050000070201000000004090000002480730706002000
019200030000000580000003009081046000000090000000530610200400000037000000040007820
003270000005100000020009000080010039039527840540080060000700050000005600000062400
901060300030010020207000060000037650000000000079150000090000508060080040003040206
508007060000040007200005100000700093020000050830001000003800005900070000010900208
098040650000000093005020400000264500000070000006853000009080700580000000012030960
600000005013025400090400300070200001900367002400001070008002050009570280200000009
000260040003000000000009805040005706059176420602900050704500000000000200090087000
369800127800000000002600000004320000200000003000057800000006500000000006658009374
200097040043010000001200005005000084000070000890000500600009300000050670010760008
001600000070050000350180000400008102005040300109300007000023084000090030000006200
094308500300001080086000000000500900020030060009007000000000850030800009001604320
060300500800009030000080400074050100100040009009030840006010000080700006001002080
000100000401600900069000030000092001015000420200470000030000760007006304000004000
002903070000000500070104020200001009019000450600800007040605090003000000020409100
600000000300670000100802760070060020430508017080040050012306005000057002000000009
050000703200040095000056000690000081000408000780000054000360000570020009309000020
710800500000000370000001009690100003004703900800009016400500000061000000005004097
300040610090001000007050390000000820000517000034000000071090200000200050042080007
000002630210600080076004000000000098007000100940000000000300850090001027031700000
500000000002090030010000782005036290700000004063970100697000020050060400000000003
500008023003006100080072000000000896009000400645000000000230080008500900450800001
020086030100000026003000000009807000004010300000604100000000600540000007080260010
200600080540020000000059400050000001800716005300000040008170000000060037070004008
000000009000021584000506073500070010001060900060090002680703000493810000100000000
000050030007008650000497100100000000500843006000000008003924000069100200010030000
608027900000100002000000570000910060509000801060075000035000000700001000002530107
060000000401300070007008600000050040300607002090080000006400200010009504000000030
000004600001500000020036015640000200500090001002000089790860030000003100003400000
804000000200090403690300000900032500000506000006940008000003056503060009000000807
005070098000000000000804036900010800007060900008050004180905000000000000350020400
700000400004000010000320600032005000005806300000200760008017000090000500003000008
010000000703000080006397200008042300000136000004870100001968400040000806000000030
007001400000045070450006091120470000000000000000058042240600038060580000001200700
056008000000600000230090007400001870080957040075300006500070013000003000000500720
000300000300004018000008306070002060063401870010600050708100000120700009000009000
000000300000970008070300165310027800000000000008190047526004080400081000001000000
002070400001080000000000052067001509000397000209500140120000000000040200006010900
512000000060000000000380001040068200000409000003720060900043000000000010000000746
062507080083060000510000000005016000800000004000980200000000049000070520040105370
000530000000900410905006800700000300061708240002000007009100508013009000000065000
500200000710000000400610050020500400940070036003006010060048009000000084000005003
040000090000800140000005038008500021054203980210006400430100000087002000060000010
003900047600000035000004000020100600090628010006009020000400000570000003810007400
005030980002600000083000004028390000000040000000067850800000310000003500049010200
000080000400060809900304610040005070005030400090800060032608005804070006000010000
500740906000001200006300040002039800000000000005420600080003500007900000609075002
000000000208900000047806300300000100174090835005000004009403260000008401000000000
030000004040790000100000620000070300065312940002040000028000005000029070900000080
001008900057000004083002000004080000009703800000090700000500190700000630006900400
103000006400026010000150000900800700810070039007009005000068000070290003300000601
090570082048600700500000000016020000800000006000060170000000008002003460750046090
010500000007009000502010007020003041400060009830900060100030506000100900000004070
000070000070002490038504020000000052307000608820000000090607340084100070000040000
605090013040600070080000900073500020000000000050004390002000050060001040190050806
300000000000470060794600000003200104450030086901006500000007842010094000000000001
007056201000009006000200080009000070058403620070000500090002000800500000205190400
008004090000070001071000005060240007000709000300085020700000140900020000050400600
000700190007490003005000000600008450400050001059600008000000500500034700098006000
007010090060300004003009020016080007000000000800040130040100200700002040090050600
903000000020000050001730000400060093080070020190050006000086100010000080000000604
000005070000001802070346100340000000009000400000000056008652030705400000060800000
004000008005100070800002300500067040000090000080210006006300005020005100400000600
000016009000000010000509264105008000600030007000400106896704000040000000700680000
008135040030040109000900030010370000004000500000024080040006000706080010080451700
900032004200000000000000071001069007090080060500710800480000000000000006100650002
000200703000560201000008490067000000009050600000000910092700000108049000706003000
096000100020006074030200800600024000000739000000680001007001030960400010001000450
004610208000008070002000003010200000400030001000004090100000700060500000307061400
000000070400060510000012004048000000162030485000000760900640000071090003050000000
000080070802004001000060302001830005000605000500012800704020000200300907090040000
000000000501046020084510306005900000040070010000008900408095230070280105000000000
000007900907300600041000002000072060008159400070680000500000230003005804009800000
109240030007003902000000000023058000000409000000360240000000000602800700010092306
102900008035470000000002000700020060004806700060040003000100000000085320500004906
609813000803002000000000100000006004904000806300400000008000000000200709000951403
100008490600000008000963200000400082005602900240001000009726000700000009086300007
064001800050000019000080700401000000070030050000000204003020000120000070006500130
740000000009070060006500014008000020000983000050000900210008400090020500000000071
000000001000008460480906300570830000001000700000071038008107029057600000900000000
087500200100002300000070010901000000000809000000000403060020000003400007004001530
000508610910000007006100000598030000020000030000020854000003100700000048085904000
890045003000000705400100000000007020000934000040800000000008006106000000200410058
000005003803720060000000510016004000300010004000800150042000000030096705600400000
064002901700400300000080000003700510010000070076004200000090000001003009207600130
000003010000080024004120070968000000000208000000000768080056300310040000050900000
000005930004000000600320000201008060080000070060700501000069002000000100029500000
063824000400105030200000000700590000006203400000046002000000004050902003000467580
000040803803905007049000000060300000307090208000008030000000320200109504105070000
100360900000021503000009004590010030000000000070050089900200000206170000003098002
060000040002048000000006005009270001050000090100053200300800000000390100080000060
901060700000004090300800001000000083093010260860000000200001009070200000005080406
003450000940020560000008014796000000000000000000000791850700000072010059000032800
000003000006950023700240600200000080607000904040000001001069005570024300000500000
309850060100000030054000100900600000000748000000005006007000390090000001010069405
800005360367000000000000080190750000000204000000081072010000000000000125056900008
020008000709060000050900000004810052060000010190027400000001060000030107000500040
045080006000004057600009800000000021900070005160000000009700003270600000400090170
000200500000074190004900302507000000200807003000000809701003900092750000008002000
008700600670000000000601007030000015800090004460000080200109000000000076004003800
070005209006240100200000300005092000000000000000310400003000004002031900409800010
004600800100900604800035000020069000000000000000570080000150009706004005009006400
000105046540060000009700000390000450200000001054000083000001700000070035470502000
085007000006200090200000001000050080900638004020040000300000008090004200000100460
900005000060903400700000901072500000600000004000006780406000002001208070000600003
056300900000090804700400000070130000000000000000089030000004009609010000003002680
009010003020806700004000510000008009003691200100500000036000900005203040700060300
001840005400675002700000080000000300006427500009000000040000009900514006600089700
000095000000100740000670300630000400500000008009000057005018000017003000000450000
000001050007000680010680000400800000300209006000005007000046090056000300020700000
320000000007042031009560000070000000800421009000000080000094200290350400000000018
560002400001008500080090003078004000600000001000900730900050020002600100006200079
005800010000010000403007800900500000508030407000009003002100506000020000040005700
000000092000009300040032750000004807890010025204700000078290040003600000450000000
070040000080009074000000603900074020001050400040380009802000000690400010000090030
008700090000005200603080000307000005061000320400000901000010409006200000010008500
000200806560030900001007000006003040400000002070500300000700200007060081204005000
006100900020006000301400602405000000002070300000000109203008401000900080004003200
500090362300005080004000000000000270709803601082000000000000700040500006976010005
100700006072000304040009500010607000000010000000904080001200040605000230400008009
008501300200004086090200000000000790000802000056000000000005030520400001001708900
600001000700030096009000408920058000000000000000490082807000100160080007000600003
609300002040000300000804096005000003060050080900000200780901000002000010300006908
804000000000807430710000605000240100090000060003069000308000076072406000000000802
080600007300008010000020930030002000000871000000500090015040000060300004200009070
009400070080100600200000009600905700400060002003204005700000001002001030050009800
000060000001200070070930000094502100610080052005106930000024060020003800000090000
500000000002906040006800039900010670000000000017060003620004100080607400000000005
080006005000010800204300000040050030001407500070090080000003406007020000500900020
500000000030020008008906010200501060080040020060209001010704300800060050000000007
001070206200000000530061900076400000000090000000005680002810095000000001309040800
590000030000002400000800016000004690630010085089200000950008000001400000040000078
700000050020010080618005000000000032002508100480000000000200395070030020090000007
000096270209300500000000096097200000005030700000007160580000000003001608046820000
900000601000410090100006038000003070003020800060700000380100002050047000709000004
000600045000351800070080020265000000000000000000000297030020050002913000680005000
000000000900003105008090036004002000060584010000700400430070900502900008000000000
400007800600234500500600000098000070000000000050000230000002009001783002006900007
803005602609870004000000000001300000056000840000007900000000000900018405504700308
000002076000087000807005900050000003001508200700000060009700602000640000530800000
