200000500050024030800567000178000300000000000003000179000473008020180040007000003
800400500000200083000010700008000017140090052670000300005060000760002000001009006
705810900000000000318290006007001000001908500000500600500074369000000000003052408
000003000900010008013700020062049003000080000400360510080001650100020009000500000
908207600470000000060001000006840090000000000090075400000500080000000054002609703
080000036005200170700001400000006004010507060300100000004600007039005800150000040
008050040050003806100200000490520000000000000000078094000002009607400050010060300
720000168060000000108007000000006524000401000435200000000800206000000070213000089
100006208900000000043090000000002600802769504005400000000070480000000005509100002
019200000083041900200005000002000040004080600090000300000700003007450290000003170
605820000010006000080000004740300026001000900350009071100000080000500090000082307
005000400000802005200000890600003280700050003043100007072000006500206000004000300
600934800000000004300070500500009000010706030000400007008060005900000000006293008
057000030000083007000670200106700800000000000002008609003025000400810000020000190
090000006000016078700008300200000060540697082080000009002800005930270000400000020
205400600009020138030000000300007000000080000000600002000000060982010400006003805
100067003000800607090000004000070060539000728060020000900000040305002000600710009
000020900600000012080030046050002008040576030200800050830050060460000003009060000
002100300000000098780000600097804020400060009060309570003000065510000000006007900
602170000030000000000000249003800020500000003070009400827000000000000090000056708
084000950006000000000006174000002510008305200057400000843900000000000800072000490
200057109000100060000000002780000000030829050000000034800000000070004000401380005
100000000050073001080045030000050070035020910020060000090430060300780050000000009
000000000030751400000840056500000087062000540780000001410079000008624070000000000
580004000200375000007900000930000042002000700740000053000008300000169005000400089
760029000000000750090300000009000080200406001010000300000001060072000000000570034
050120600200000094700060800080700003000381000300005080007010009630000008005032070
070000650013000000508400010000070800004102700007090000040003507000000230085000060
000908740000050201008307500800000000057000490000000005005701900102090000096402000
360090070800001030001000800040000000509030206000000010007000100050200003030050092
010000005030407000807300000003560020602070509050048300000005804000701050500000060
000000080000003670940800100001040902000905000304070800009002016028400000070000000
047001900006000010850400000000605720000080000073104000000006058020000400004500260
521000000000000003000040910490051007600798001100460059053080000700000000000000398
300180000065002000010650034506000000090040080000000709680021090000900320000074006
300027000008600000000005001106090070089070130030050804900200000000001600000530002
009000005010600000600500900008024300036050170002310800003005007000002090700000500
459700000001000097000005000300400850000158000095003001000800000930000600000009342
000450020950060010000003709180000007000000000700000091809500000070030086040012000
009000000000001034804002600010089400050000070006540020005600802780100000000000700
000060900006903018900700400000000307000834000802000000008007009560308100004050000
100860490200050301300000000030004200000000000006900030000000004605010007021095003
670000020005091007034070000003480000000309000000052900000020780400160300050000046
006301000000020060098000001060083009100040008900150070500000640030060000000509800
420009030000000001009007026547080000003000200000070459980400100300000000060700094
100000000095000086600500300000052400042801690003470000009007004410000270000000005
000500106000000200000072094560700080700090005020001067390610000008000000406005000
000001650000540000000000002043029800070050040001360920200000000000017000086900000
090800716080000000005360004800000000000259000000000001700042900000000040941008050
009400800000008290000030010500009020001070300020800004080020000013700000002003600
064500920000000000390002000000005107500401006907800000000600058000000000045009360
000504200500061980600003054470000800000000000008000046760300008085610002009802000
000080602000070340804000001007850004500000003400027900900000805025040000708060000
107208950602090400000000000000005706000982000305700000000000000008020109061803207
000030840004000001806900003900001400000542000002300006200006309400000200058090000
495001000006400000000000907000050130040107090052080000309000000000002700000700853
500004009007010006064098700700000030000765000080000007001350870800040900600800001
465001000082000000000400005200030900610080054009050001900005000000000340000700582
000000400960500000004130050510308000002000600000705012050083100000007039009000000
790126080000000000006975000080000040309000705060000090000519400000000000070468012
000006513621300000000000002370000800000784000005000074200000000000005987857100000
000031400009800070000000200704900002300608009600005301007000000040007100006250000
703000004090010300020076000105930000000000000000061908000590060002080010600000509
040600071130500002000000400802900000090070010000001906004000000600002084780006090
002001000804295000050000008087000005000863000900000680700000040000649803000100200
805230000060004050020000703703005900000000000004300208501000020030700080000053607
374000000000400706100709005900000200047080690003000001700601009405007000000000357
000000030000097801290400700978304000000000000000809375005002083802740000030000000
000090702000084503300000069800100630000000000096007005650000001408570000902060000
050003900200790510000001006070005000009010300000200060700600000032084009001900080
040060001002900000350100000000081093009040100430790000000008065000009800100070020
000508000805000010040010030000005700010703090006400000060070040030000109000206000
003002000054083000006540070080010005009000200400070030090054700000390510000600400
000000301008700200910065700800074006000000000600130007007620035006003800305000000
500000000000020080710409000300076805075000130804530009000308061050040000000000004
000000803000120000480300500090600050008000200060004090007009081000072000509000000
020010003040763020005000600000007080400685009010300000004000300030451070100030060
760540200800000000040000007050100900010705040008006010600000070000000003005097084
006080100000000040014702080005006003030825060600400200020607930080000000003040500
000000910960020000001008003002490170700000004095013200600500700000030059054000000
000000000016804075800007400100000700647105238002000001001500006260701390000000000
400000000009030080200007103000005020060874090070900000503600009090080600000000004
300208007072600000400007900010096500000000000003850070006100009000004680800905002
602040000000006802730000100000060053000080000510020000005000084304200000000030205
000000000071630002850010900060004005080561020500900060003090048600078190000000000
000000005000030100080501072170902800000070000004603059410805060007040000200000000
009400050081000004475060000000240070000907000060015000000090781800000320010003900
000900000007000003013046290076010900100000004002090680089360420600000300000005000
050000003000067800300004100010040038000000000860020090002100006001950000600000070
360005090500790000809600004900020000002000700000030008100009402000071003090300085
182700000007000009300001080050067000200305006000820030030900001400000600000006928
008205007260000000000090008000800540009000600052001000600030000000000091700409800
000530980060007304300600070000064009000000000500310000050006002604700090092051000
602040000930000060000600900061800200003591700007003150006008000020000091000030608
480009260000000005000520014014003000060407030000100840390041000800000000046800093
000068001090420060020000400740300000008070500000005074009000030030096050600250000
210000000006020351030405002500300200000000000003004007800209060392040100000000024
000030006000802300832007009050000803047000160308000040100700632004306000600020000
059040602000010000006900040080000004020030010600000070010004700000050000304020150
000000040006051803000080260008300000050846030000009400072010000801590300060000000
000000200007600001009010068030260000004379500000045010720050100800006900003000000
200607509000805600800000000600000300028509170007000004000000001002103000701908003
002109003060200018010006700890000000007000900000000034006800070930001080700605300
000008600064000800080670003000004008030050090100900000500041080006000720001300000
003000908000009560200000070700031800000782000004590007070000001035900000409000300
000709018000020000005004930000000061080501090970000000043900500000030000650807000
060800000900014023402000000309100000000050000000002708000000905570480002000005030
816050007000006080034001000001920000020605070000014500000200810070100000100040723
000000650003014080000800009400070090005108400090020007500001000040680100082000000
000004000094760030300092070800000600006203100005000004060430009010029560000600000
000000000300028010100007804009000030806010409030000700602300001090170006000000000
009600040025003060000007501008405009030000080900108400803500000090300710040006800
090006200046190030001300000008000003050040010300000500000009100030075980009600020
000000500010098030208043070003000006052000780100000200020480109070630040004000000
006008200000060000823000000600095007540080091900340002000000749000010000009400500
000002003903000000000900485040070350700080001036040070412005000000000502800300000
000300710000721006000460008700000680300000001052000003900056000400193000015004000
000520900008000020000300140000070210500000009086010000047008000010000300003056000
460000000079504000005090000000030079093000610210080000000020900000309160000000047
000006800000718000207400030500003010400000005010800002040001206000579000005600000
000620900800500000003014870000000120710000094024000000082460300000001009007039000
082030400041000000030002050004070000008206700000080600010900020000000970003040810
030006000008500920405080003000007400000648000001200000100020708089004300000800050
940003082003095001000000000120000000000546000000000098000000000200630100780900053
082006710109700300030000050200000000000642000000000007020000030006003502073800960
000300000008009610005100700000000004021764390600000000003001200076800500000003000
100064000000200050009005480002000065000020000460000300085400700070002000000710009
500300000000040061086000000100980500004206700007014003000000350270090000000001006
003000240000700100000042057020000401007090500308000020480160000009003000032000900
005847600002009003004000000000000310307090208056000000000000500600200900009763800
100000000040017008085040100000400003420658019700009000008030420200160080000000001
000300009010000006047010200500061700000000000006970004002050930300000040800002000
090008700000000069000010085009004007007523600300100800940070000610000000005400030
300000000000009620268700000000002360820030057037600000000006734084500000000000009
000000081000008006000603500290040600150826094006090032002409000900700000840000000
300000080009040005072500000007080026200000009650020800000004650400090300010000004
000800905100000000000093028200007100840301062007600009780530000000000003403008000
508002070010000004006950000000040708000030000807020000000074200600000080040800509
000001600709650010000700090024507009000090000800104570040005000010039706007800000
970000200400006000006700040394100000000020000000009468030001500000600002005000084
040000009006450070150007020000038000800000007000170000090200013060013800400000050
000100000071000080008730910907020350100050009035040106026075400010000560000006000
010020030060000001005008700000200400900631007003009000006400300400000010020070080
070064000006200000300710456080000704090000030507000090842036001000001600000870040
000800260080706000000001730006000087000050000240000600029100000000409050074008000
020080000041050000790402000210700005005000600600008032000201046000070850000090020
000002010035007000708010005007000080090758030050000400900060801000400620080200000
005000030439720000610000200000369002100080007900471000004000021000047658050000900
200000690005200080000008023000810530000040000026075000350700000080004300069000001
036059000001300090500070040005090000009403600000060100020040001050007300000630450
080029000000007018071840000000000903300498007708000000000082470160700000000950060
000070001000100760100900048082000005007080600900000280860007009093004000500010000
706850290000000308000004060520000000000489000000000073030100000905000000081036705
060107050090000060108960000400098600000000000003450007000079805030000020050604070
027130090009060000180700000003600010200000009070005600000002064000040700030076280
508700000009600000010490000205300006806000207100006508000054090000007800000002701
700091600028005040100000000040106200000000000006807030000000005080400960001570002
106057090070200050300000000003000080400378006060000300000000004020003060040690702
080000741900005000032007090390000100000821000001000074060900410000400006249000030
295030000000002500300580002120804000000090000000605087800053004009200000000040329
920050043000006000058000000000067200003824700006390000000000160000600000360040087
000002107000070035000000600000017504040020070103540000001000000820050000506800000
009065204060000070104007000000004010700391008050700000000200306030000040602540700
500000000046300700030400002000000039053729180490000000700008010001004270000000005
320000000700100300000250400060004090000010000040800050006049000007001008000000071
700050810000008600509700000005600390000000000048009500000005902002400000016020003
700000809800019200002007006006058000000090000000230400600100500005870002401000007
000085290700200000900007000003071040500040003020950100000700008000009001071520000
000180090000000008406900000090802700028010930007305060000009306200000000050021000
047250000000804020800009070301005000500000006000700301090600005050901000000038940
000097060080020090000301400308000720000010000027000905005208000030040070090530000
007090000060001000910620005270010004054000320300050061700035048000200070000070100
003750040580400001004800000302000000000342000000000309000004600100009075040087900
000000000000300820367080059000096001170000095500470000720010583058003000000000000
950000000800005003000078500000001205580060091102700000004690000700800004000000029
031700000000006004000104008610000800720000041005000027100407000900600000000005310
004068007120005900000000000096010000800976004000030650000000000001300026200650800
000860010500004800008001607102670009000000000900043206601400900004500001020018000
005000009024800000030652000080020300050406070001080020000268030000001650200000100
800003509013004060790000010600420000020080050000096001080000036060800140304600002
040005100100740000050801004508000003900000002200000506700403020000068007001500040
000205000501000608040000700000073500109000302003610000004000010608000905000308000
050034060000000100000007250605100000031000620000006301028400000007000000010580040
800100009002700030014200005300000500000807000006000003200001690070006200600009007
002590780070100000000000061010070005500060003800010040290000000000009050051082300
210009600000600027007000000000020050030805040070010000000000300780004000005200096
068025001000000000000078090271000000083000920000000137090680000000000000600430780
530480090004000360000500400050030000006908100000060070003009000089000500010027086
000000000043070061605008000004700600070123080009006500000900104910060320000000000
203500700000006308000100000007342000060070050000865900000008000105600000008003602
800600107000098630000031000470006250500000008098500016000450000012860000605007002
204071800000000060300000501050860907000010000607059080806000005020000000005140306
000485030000060090054900200090150300000000000008094050009008460080010000070542000
000090000050006019010040708090200300400000005002005060103080090620300040000020000
670412500208006007040000000005000000700030006000000300000000070800200103004657092
003405060000000504000000830000021003097000610500930000074000000605000000030102400
002041700015902400800000000900200830000030000053009004000000007007406180008710600
000710000200000300090000045020074006570060083600890070840000060005000009000047000
000940800000005010069001500300007050600080003090100006006400120020300000005062000
030000105809560020000200080008000640000976000056000700090008000080012406603000010
068100000000056710000000003090060008380070062100090040900000000051420000000005420
060000539080040710200000000503470000000802000000059403000000004014090060692000070
800006900006000003100450000000001600608000705005300000000049007700000800003800002
080000000940700000062408500006000090490201068010000300009603870000004023000000010
810650400050000000000087000040070002208309704500040030000730000000000080009028061
000790000200006001030000005380060500570020036001030042700000060600300009000082000
071005046020070003000000000030700009008302400100006080000000000600050010340800960
090300080507080000040790000005000001001967800600000200000074060000020104010009030
800507900030000000000009600008042009900000004500890200006400000000000050001706003
800003000000070020070698003009002850410000092082700300100827030040030000000400009
802009000000005306530020090008500003050000040900002100090010037104600000000200504
800600000050100006049000000000002300760508094003400000000000250100007060000009003
810000000000000051257000609900074002000321000700980006106000924470000000000000075
003020000097003480400006001200000000040217090000000006800600005062800310000070600
030000405500000090092500670003070800070060050005020900058004720060000009207000060
900018700002000500001300009000400007089060350200007000100003400004000800008940006
670430009902510000004007000000000007069000840700000000000900600000043701800051094
200080600040006000030700000000010089005208300720090000000004010000900020003050004
500000000094500070000020480051004200400802003002100890043090000020005140000000006
006241003000080040040000250000006700700000009003500000028000070060010000400892300
000070050070010804004002000750000000040356090000000086000500100901030020060080000
090060200017900000240300000950000000000204000000000073000001038000007920005090040
002300070001004006860000004000001053020030040130500000500000027600800900090007400
068200004270904000100000080000000271030000060751000000010000007000403098400001620
092700010003000000000021600000008100040139020008600000005470000000000300060003580
009004360004900085510000000000000043193080672460000000000000039340008700072300400
003080609000059000002100030000800002024000850700001000010002900000560000307010500
005000002120900500090200340000029000030000010000610000067002030004005096800000100
001700409000020080006104003000010970900000005025060000500408300010030000704001200
006005204000004009409130000000090026008000500950010000000061308300400000804300100
000004000004270500730051000006789001007010400100546900000130094005097200000400000
000070523000409700000500009620000030004000600080000091100004000009106000546030000
408020090170439500090000000000003206700000003603700000000000040004916027080040605
050037002200000000300200640002003094030000070480900500013005009000000005800760020
000000000078960005135007600000009470500132009096700000009200316700086950000000000
205408000700000000036205000000000067617000254920000000000802340000000008000503702
708000060100058000000290000570000000006304100000000037000085000000960002050000904
007000010000600029030540000000906107090000060701205000000052080520007000070000900
060090200004700000000028940610000030032000460090000052079630000000009300001080090
460001000000000003950080000000200019809010305670005000000090061700000000000800024
000090006107300049000002738790000000000579000000000017831200000560001302200050000
600724050305600000000000007807000020040030010010000805200000000000001209050982004
600050000000703960017940000705000090000020000030000804000078450061405000000090008
000000006960120000004000019030670000105090403000031080580000100000089032700000000
007050860530070002800000000050004000729060314000300070000000006200080095095040200
000000040017004900000809001068090000900305006000040830400106000006400170020000000
000028500030004006050030420080706200000040000006801070014080050600400080005260000
200073000904020030600000000023040007000080000100030950000000002070060805000590006
000080000016003820000109407132000700800000001009000286205906000073800650000070000
060058000754000020083400000070680009300000002600091070000007250030000796000160080
608000005000006700420530090060000002000275000500000040030059014004600000200000508
000004073104700000080520046670000480000090000013000097760048010000001704420300000
000089067000000300000305098050003904400000002906500010690407000008000000540810000
050300000000000079360090000000060091037519460190080000000050027920000000000004010
205100000010040900840000010570000800001305200006000097020000049004080070000006108
702910800010000005000006070005000009071020580300000600030400000500000020006082304
006008270000000000000619800060080040780050021030020090005891000000000000028400500
400028030900003050000900000000000504090346080802000000000009000060500002070130008
000000057150980000204003006031020060000000000040090210300400809000018045460000000
800003000000590000600000905500921040007000800090784001301000006000068000000300007
000000000000645020900000316090007403008904600204300070327000005080529000000000000
000000000030801075008270904300004000070000050000100006803042500160305080000000000
006201040107503600000000000400700230000000000015004009000000000002307405060402800
300002146000000000902500000007023000210060039000890200000007608000000000576200001
016200307000000000470009560003600400000937000005002600047800053000000000901003720
000000006906870000021000030680007040300080002040500093060000150000036709200000000
000206471102905000000000005008000340400000008013000200500000000000608103836501000
000000600008000097750000000010805960002746100065109030000000041390000200001000000
005307800400100030800900004000000080062080490010000000600004003040005002001603700
700000049958000602040300000000095003090000010300270000000006050509000271430000006
004706005500003000007001806850000600400000007002000054608300400000600001700204300
580004700007580000000100009004000073900000006360000400600001000000052900002300067
037800900400000008000001650045020000180050034000010590024100000300000005006004180
007038900100000048080000000020450100000301000004096030000000050560000007009540300
860370001010000607005002030030500000000483000000001090020100900401000060900054013
806300004000040013000009082500604900000000000009702008780900000460010000900008205
849006200000034890000002700070300002000000000600007040008200000056470000001900527
528000000000200009900506100000050901650000038801090000005807002400002000000000784
508000070001500000042008601809010000000060000000070309204600930000004100050000208
002078000040000000800010607416023900000000000007490816208050001000000020000940700
007390004900100030002006100000800002000425000500003000006200400010008006400037900
040700100160000000350200000021570000600429001000061420000002013000000076009007040
003200000005000000007415002012000040000761000060000310400576200000000800000002400
060000000150000204000007635200010780000040000095080002638400000409000073000000060
000380902007006045400000800020150000000402000000063010006000004210500600804021000
400532000600000005530007000006000017870050063350000900000100094200000001000795008
410096000000007480050000000000000820060405070093000000000000050087600000000720061
000006208400100095000000710001807002080000050600204100063000000140005009509700000
000000652600400000082300000050070004049000320200040080000005810000004007837000000
000000009150700400008300210040000108006138500805000020061007300002005071900000000
003904008054008300200000094008510030000302000090087100830000002007800950400205800
004000000836005000070000320049600038003090700580002960092000070000300512000000600
800092340000000000059010000043001800020000060005600420000030780000000000082560009
000000000000200704809507230070050001008902500200070060052703609906008000000000000
360007280000340710000000003090280000400000005000034090800000000024059000035400021
000560000036400800000001060700030015200000006360090002090300000001009670000014000
000008054000006100090040608000050201000984000603070000304010090006400000180200000
000450800005968701000000002010000009007030400300000050900000000708194200001075000
401007900630000000002050006000019208000000000308460000800070100000000085006500403
600050081009000425000008000408006000002839100000400806000200000187000300240070008
000001000004008197000050003203406050906000204050302701700060000162800900000100000
000903000023600009190050000080005096016709250950800030000090042400008610000406000
000070000000082400061900002900008320050020060024500007700009210009310000000050000
010030000005000301800400060520080036000103000430090082090006008106000400000040090
403007020000000000500640003300071400057090130009360008800056001000000000030100504
500000000209510008000003904714060000000000000000040897103200000900034702000000009
650023007300400052000000800830057000024000790000240083006000000490002008700310069
507400000892006401400000020700900100040010080001007005050000002203700814000008309
000009041200000300008005600040018000600000007000390060003200500006000002420700000
250001000000790000000020089000900051016050430580004000860010000000048000000300026
000009030030401800000020009091800070620030018080005690100070000007604080060500000
070600000003000009042050800000102003409000102300709000004090730700000900000005010
000000080024760001000002006000180300069030840005094000700900000900025670050000000
080010000502408070040700000069080000100604008000020410000009050090805103000030080
810500009340070000002009800408000000003020100000000604004200900000040067900001048
002005040030004052000070018000050100500317006006020000120090000690500030050700800
700029400100000000000501700090300810001040900045008020009207000000000005002950006
310060009004000000067510020006400030400090008080003100040035980000000400600040072
000002000510769000072100060120090000400807002000050047060008310000921074000600000
500607914000000070000210000000065021150090036680120000000041000090000000715906002
104076500006200400000000000040002306500090001307100050000000000003008100008410602
010208000002090080000000609804063000020789040000420803109000000080030700000804090
000000500600040030200803007520000000030402060000000085300209001040010003008000000
000001098830400205050020000003097000008000100000150900000070020904005036260900000
900600180000000200000813059000401062600000005230508000310986000009000000046005008
000045090094180000000000007910000200020308040003000061800000000000027510060850000
671020000000000020090300075900800000250706081000003004780001030020000000000080647
000000060070096001902030008510000000003409600000000039600080204400720010020000000
204006007000001600010800000000000059805179304320000000000003060006900000100600508
000040001001200000000008274030000407600187009507000080745600000000002500300050000
000000000000840035043071000056000107004060500809000620000150760610083000000000000
001473502000060700000008064007300206500000007106005800710200000004030000302154600
000900050020300906905076001000000500201060708004000000300690405506008020040007000
000001000005000010007900503600409080070302060040507001703006200080000600000200000
006053970000000006479100508708000000000060000000000704907002485200000000045870600
001800020000050017592000000065000040000614000040000890000000263720030000050006900
090280000700005800086000000072009010000107000010600340000000580004900006000028070
000009000000000845700350920190000080003801600040000017086093004317000000000700000
250004100000000008000020050037400500010763080004001760020030000400000000008600071
470000500002800060006500000600201904000000000809603007000009800010008400007000023
005080000076400509100000070003600020000902000020008300080000002607004150000050600
000030060000000704004502003800001400100243006003800001200408500701000000080050000
710000092000902070906000400500300000000627000000008003004000709060805000270000058
000009000000600270725004000087000002200060009100000730000700651039006000000800000
300180500150703090080000000200900000070000080000001003000000030010409078003058001
052000040009104800010030000100240006000000000700095008000060080004907600030000570
401350009000000405000009000070090014090070020340080060000900000804000000500068301
000003950000600072500040300093010000070405060000060190006020009720006000015700000
091002003802130000000000200000001072020709050150600000008000000000015406600800920
000003782068400000000000000039800400540000061002001590000000000000009610351600000
000100709490000500081009000056000007900020005700000690000400870005000034103008000
002004500000910807090070000000001906500080004809600000000030060201057000004100200
670001089908040000001007000000005800067020940003700000000800600000050308890200075
940008002800200009037900400060800000000030000000005060009007630600002001100500094
740800000000000000610020009003260001006090500500048600200010053000000000000009028
000010200500079014100520000610000003200060007800000042000092008720650001006080000
109600002700059084080200007000020040000405000030090000300008020420930005800002409
069320000074000003000000600058001300010050060003700190001000000400000910000069450
650009234007000800004800007300008000000205000000400006100006500002000700473500098
400000000920000610000932700010200000704010206000009030008571000075000028000000007
009603001020009370000800050200900100000070000003004006040002000052700010100405200
958300010000800000003040006100000650500609002067000008800050200000006000020003765
410600000700100824058700000084000000002060300000000940000006530865003009000001082
008706000010024068000000000300002096002308500980100003000000000430680070000209400
008500000030000026004086007700800500000315000001007002800730200910000030000001900
030800402000031050800052300000010900500000003003040000004380007050720000307004060
000006007600009000472005800307621050000000000060983701003700285000500004800100000
002010080000060403740500000008000390200000001095000800000001024904070000060040500
050000308300000075002008094000023907000805000203190000460300800530000009109000050
000000500000130070340200091030400957009010400458007010270003045080042000004000000
090240001140007056000009000000000380000173000037000000000900000580700093400085070
240008000701040000090100500327600001000000000900007432009005040000080307000400085
000009067050600300002001400098000000400050001000000570005400700001008030780900000
000073094000009000370000060820037450000040000035920087080000041000300000710280000
408700000100030700030000080905380000060050090000067105080000070001070004000004506
600002000000007009010900002240608030530000084090304056400009020800700000000400003
000062457400080000001003000615000200000000000003000195000300500000010006859720000
000301000430800001060000030001080200600294003004010700010000050800002096000609000
000500803000207064000010007000059080760000045010460000500030000940605000201008000
006900000000000893090401206004000630000090000028000400705206010342000000000008300
000300050069000000004000108950060000200010003000080012605000200000000480030001000
000000002200060030073205080009800100530000028004002300090706250050030009700000000
000700000005001000198024000600400200340000085002007001000310728000200500000009000
060000007008704005050000009000170290000090000091038000100000040200609800500000070
710500060592706000000100009000000001007201300900000000200005000000603548060008037
070400009006000524500000000000068000180000037000190000000000008925000100300004050
700060020002080004961000080009045000010000040000310500040000132200070900090030007
000000042073020000001008000900050004210609087300010006000500400000090820690000000
003070504000200310700309000060000000502000906000000020000703009059006000807010200
830000000007000684091700000000020860902010405063040000000008790719000500000000046
630702040000000602004008070300400000050623010000005009040800200705000000060301094
070010000200300009003080725010700000004231600000008090635040900700003004000020050
109070000270008004050009001000006107090000020705200000600700050900300068000060409
840000070306800000050060200075100000000785000000002790009050060000001904020000087
000000200000276800067008000080020560004587300015030020000700910002963000003000000
000900000750600301000000980080700000063215890000008050097000000205009046000001000
870900540000006037000000089010000005000823000300000090760000000920400000085002063
058000000901806000000094000200007310060208040097300002000670000000409805000000420
010205830035100000700900000060000003043657280100000090000009008000004520098502010
000002089780000600000800075010028004800609001400130090390004000004000058620900000
000036000002000730060410900800090400006000100004020007001073050039000800000180000
004030907900004000030001500109000000000985000000000203007600020000100005602070100
003906000150000000020341000000000076280679035730000000000267040000000021000803600
000000009051209004000107580004300870600000003035008600092703000100504390400000000
000000705300004090704850000800430060000000000070015002000087501080300004103000000
900804070000600001076001020200000945000000000645000003060300450500002000010405009
009038520000600009001209000000000460050000070024000000000904200600002000032180700
020010405740000000009000130076190000000040000000023560017000200000000087805060040
050008903060000007304006000080391000000060000000825010000700506800000070607100020
400070651008000090010000007050702900000010000003904010500000020090000500742030006
003090002850000460400200000000500003020010040100007000000001005079000016200050900
700800000000046083000035700360000520020000040081000036008910000170360000000002008
081050029200001600609320000006000050490000086010000900000095701002100005150080290
004080072980000460005004000000000650040090080067000000000500800056000027810070900
500084060030100700000007005150023006000000000300960017600800000003001040010530009
834000100000002700000140000170000809000000000903000064000098000006700000002000953
003089020015720008800000600006500000000841000000007900008000004300014890060930500
000060030003094007140000800400009760300207008058600009004000026600420900090010000
180020046000800100000007053030000080000746000020000070860300000003009000950080034
304500007000004018000000000090080702008060500407020060000000000740900000500007109
054002001900754300000000700049000000007203500000000480006000000002938005300100940
200900785800100400060070000000304500006010200002608000000090050009003001158007002
000000200000004080000678540070082100500000003008530090041726000060300000002000000
750400000000506000006090075002000053500020001490000200960010300000907000000004086
000000000064000301000638420002405000410000078000706200091372000208000150000000000
023500000087000040590040800002360000300000001000092500001030028030000150000006730
009000003300080065058100000000005030700603004010200000000007940240050007900000200
008907003060120009009004000970000000005030100000000025000600700600093050300408900
300010040009000160006300702000201000007080300000705000903008500071000600080070004
000000207200310500060002009601009000800000005000600304500700080009046001706000000
075000020200001070380207090000900600000502000007003000020706045050800007090000360
630000005028000090900032007050609700000000000003207060500860002070000830300000016
004053000103706200060080000031000900000601000002000670000010040007405308000320700
000000000025100003760830400100060000008314200000070006003025098800003540000000000
000034809549800003000000050000000002060719040400000000020000000800002576706980000
007800043028070500000060000090200000503104802000006030000010000009040210140007900
007000150803050000510608000000090001481000935300080000000802013000070206028000500
100009005098040000400086000903060100800000004002010509000290003000030450600800001
000700008000520003420000000570380002004000300800069057000000065600042000300008000
000500000000040508000107024040800006100403007200006090390605000501090000000001000
136007000080000000009350080050000608300090002607000040010043800000000070000900351
005249000100003000096000007500024700010000040007180005800000350000400001000398200
406500003700000608020006070500719000000000000000863004070300060209000005300005807
000705240750000600006000058002004080009507100080200500920000400008000065045901000
005930000080000910000800007200008100190040025006100003800003000042000070000029600
000006000700000213020500900500010370040050080037080005002008030859000001000200000
730090400000800020009040830002400000074235690000007200097060300020008000003020086
010200030000000060003074800026010500000946000007020180001830200030000000080007050
000009000009000325080030600000507041000060000270804000006090030817000200000700000
002000003700065004030200900100500000006020500000007002009001070200690005600000800
840005000070090001002730000000010024094000670720050000000048700200070050000500013
000000000006098000800402100450007602960020035102600089004205006000780200000000000
020008630715300900003000000074020010000000000090030240000000300002005176067100090
030700040000009102200040009060005400004030600001600090800020007706800000010007080
001400070000090201040000300000600020037102980010008000008000050309070000020009700
300000400200009075079000000000085006001607500600290000000000830950400001004000002
000004712000000400410070060900400105000503000306007009040050027001000000735600000
390000764060000000500200300000082400010030090006170000005006008000000020129000043
902800700000000040000009860000406100043952670006308000019200000050000000008003405
000100700506008100407020690000000006008219500200000000084060907003900802005007000
000600000360470000504030060000000380032906750057000000010080607000062049000004000
000500089008090100390020000000400026403000705720005000000050097002040600810009000
000052300009700500000400617840000100700000003002000048217004000006007400008130000
000000002000004090000001456019007024403000805860200930271300000040100000300000000
290400000001000908000009460016504000000070000000608170065300000302000600000002045
830070200000500000009124000040000600590000072007000010000792500000001000004050029
571204300000008200003060000000000006002109700300000000000030100007800000009406837
000300000000002090562007300350000100096104730001000028005700216070600000000001000
509706020010830000780000000000007900003050100005100000000000042000079060020503709
065083000000004000310970000002500607600000008803006500000021059000800000000430170
472038600600274000000000000500001800009000200004700003000000000000815009008690152
638004010004032090900000000700200050060090020050006007000000002040320800090400173
100640050080700000000001090300500200074010680002006004010400000000007060040095007
050130000090007014600000000000004300847000925009800000000000001480700090000091060
600098400420000000000200060040300085000509000170006030090005000000000076002910003
010000000200080300009602050000900023053020480760003000030408200001050007000000030
000040203000001040000000018020500976008216400635009020790000000080900000403050000
002810096800002000000009070508000067000000000460000502040300000000400005670058900
000600100809100200000089003503000917000000000421000806300450000004006502008002000
008703000304000000700020108087004600000000000009500420105090002000000307000207900
007003020002970060010400300000300000039107540000004000003001080050092400090700600
684000900000008610900200000140005000390000075000600021000007006063500000005000143
506801000820000006013060000009030000730000018000090200000070460400000029000904805
070490280308200900502000000700340000000609000000051009000000406001006708067084050
001430007007000060580010000200100009000842000700005008000050032030000600800064900
907500000000801400010003607300000000081030970000000004509100040002304000000006805
003008000800270000120003500090000002008742900600000080006100049000067005000900100
006100300802567000040900000007000005090206010100000900000001060000425803004008100
005900300240000000100084006030140005020000070500072090700830009000000017008007500
800000000006005908000687030000000070200198004090000000030276000601500200000000005
060001039900000000500200680800012000005000100000890007051004003000000005230500010
008003000300040706240000009000086057000050000930210000600000013109030005000700400
001004009500007000003050000020800040058030610070001090000040800000100005800600100
200700000078020009146003002800000000003189400000000001600900738900030620000006004
020008000006074100000100500300000984600000002812000003005001000001960200000800070
000000000007800020030056071300009004150423089200700005960340010080002300000000000
700201560900000000000004097002100600050040080003009400520300000000000005087905002
000003907579000000000005020000080300280030064001040000030700000000000518104600000
130207600006100030000006009500000900960000027002000006300700000040009100008402093
000058000800002600000300070500000204004165900903000006040003000006700005000510000
648003070020004809500000000000709300800040007006308000000000003702900080030400716
700405020390600000000009010003700040640000087050008100060800000000006034030504006
005002003040070050300100049709800000080020090000007401520003004090010030600700500
002806504004005000070000002600007010000402000010600008300000090000500200208709600
900000043000000010007008006006042090340050071020370600600500400070000000190000008
207900048850400007000000600000093000470010036000750000005000000300002075710009803
005200780063000000200000001090807605000000000802306010500000003000000870031004900
200060081500870200000009500167090040000000000020040715009400000002016008640050009
000006000020087094000250300180600049000000000350002068001063000540820010000400000
060009000830015000050800001309000600000030000006000208400008010000290073000100050
376000000000020000081006090002005070940070065060200800090800320000030000000000914
000007020000600305900020047000002801090000070105300000420090006706003000030400000
500000041042080003090460205007054000000000000000630500805046020900020750260000008
200130000036709100004000020690080000000000000000040098050000600002605340000012009
400300005086000000000017600100080007640000059800030006005640000000000540700008001
009001000053090100760000000080970200000468000005032080000000047004020950000700600
050000020906000000000306004010600080003872900070003040600501000000000405020000070
387000009400000000090020085001870002060201030200096500740060050000000004600000721
000210803078000016500000000000009080057030490080100000000000009790000560402051000
056080700004201000090007800009024085000000000420150600005900020000602500007040960
000007039000200004020041050000000073007139500350000000030510090800004000640300000
000000030002163980060809207000020040004090100010050000106204090048915300090000000
700200030009603000060050200000080450042030680053060000005010020000805100090004005
029000500080000000400002081000340006005871900800026000730600008000000040006000170
400007600300000008156800000000700090001623700020004000000009851500000007003500009
205700016000060053000009700001000060620000047070000500009300000740020000530007609
071200000600004790840000000253180000000000000000029157000000073026400009000008240
470205800000600005030000400050060003700503002600080040001000070900006000002801054
076040030401320000000100800000000007027603950900000000009002000000035201050060490
030090100700000005001650970000008400000070000005900000092036700100000006006040030
800007930263000087000008200030004002082000460900100070009800000370000628018700004
530000807000308010002050040000005028080000030970200000050070100020106000701000083
400013920050070600000400000024000006030607090600000340000009000005080060096120008
000000000057680200040932500006000002500476008900000600002597010004063720000000000
060000080040200500021003096009002000000614000000800300890300160006001050070000020
008000000700095000052070000035006020409050607060400150000060290000980005000000700
000207140010000200000000089040520906000309000209046050170000000008000030026805000
802360004000000000073082005000028000280000039000970000400830650000000000500049301
004020380010307002000050090720000050008000400050000018080090000200503070067040500
000005030016048070700060009079500004000000000200007350600030007030680410040700000
050200000060001480007800050008000007009375800300000100030008700081600020000004030
000048902046010300000200000738000000001020800000000471000002000007060140504790000
062000100007061080000402000800000090970000025030000007000308000050620700008000630
257000000006805090000010000001090028000030000680040500000080000030402600000000974
300200000004008500001760402230000904000000000405000037907016300003800100000005006
500000003000000890001300745003570200609020407008046500362005900017000000800000002
390040806670200090000000000000600089007493500940005000000000000080002047702050018
000000024600400370008006000900030040000070000020010009000900100014002005370000000
000200070030000085000004206200003000008601500000400009105800000690000030040006000
403009600720030000090800045310400000000000000000005014840003050000050091001900803
009100403013900057700005000045000000090704030000000140000200006560003210201008500
700000900020070060009502087000001024038050710940700000150307200090080070007000005
000050100060000047005403000000570003080010070200094000000607300850000010004080000
840009012030060450001000000000004035400010008790800000000000500019020040680500071
704021803803900200000000090048300000000000000000008140080000000005004307107850406
080100000010000002000687400900004006063050940800900005004368000500000070000005090
407600900000000002003050041006009004030010090200700800590070100700000000008001405
600009804007000000000080760409001005005842900800500402078010000000000200906300008
104000720000027001000000850020054600005070400009210030061000000900830000083000905
000006870106890500030000000050607008000000000400901020000000090002049706063100000
000000080040020000580407900003200750100070002028005600005901078000050010060000000
000000007038005100000408200200304050003000600040602009004509000006100570500000000
000809007700000040006030001300400600094000720002006009400080500010000006800907000
000000860050061002081900430090600000000040000000008020039004170700130040016000000
009035700021000000800600000900008026000010000160900008000002003000000450005790200
601500000050780000400006700800390040000000000060051002009600001000013050000004203
085012760000000000006400003203609000500000002000208307700003500000000000034860270
000600502007200040020080000580120300001508400002037015000040070040002900108009000
050000610603000900049603000268030500000050000007080462000504320005000106026000050
800200530009106207000000000000007010700418002020900000000000000901802400068003001
500007160000840007000000500080000009056971430300000050004000000700013000023600005
000405170415800000700010000000000513000000000592000000000050007000006349043902000
002780300400090007000320580000940720000000000097032000024018000800070001001053800
300040000009002005400036790000000060930000084080000000045370008700200400000060002
000000250000700896600025000001060000840050061000090700000210004324006000018000000
500000200002500008017200000030005009054703820700600050000004180900008700003000005
004003000090050370300006042900048000000000000000230007280300009051060030000100600
003100200108200030600009004037000000090050080000000670700900006060001803009004700
000000705005046380000071000060000420400705006021000030000410000049350800803000000
080000260100004003030009504020000008800732005500000020301600080200500007097000050
000000009708200300450300000907053008006874900300120704000002095002001407800000000
900842000004503000700000200037005001000139000200700630005000008000906500000358002
050027000000008092000609100041003200007000400006200970008306000460500000000790080
003679040700000005006100000000000109270010036609000000000005900300000007060821300
732100400010000000506004700000800009470000068300002000003200806000000030007005942
000009070090031000213000000430000007002050900500000026000000458000760030040800000
603207140000060080000400200040000008006020700700000010007003000050010000021908503
080000604001500080900400500000304805300000009809107000007005003030002400405000020
062039400931007000000000000005804730000090000017306500000000000000600158003150940
000080001017206004900000800060090407000000000703060050006000008100405690200010000
180700002390204000000080000008100000740000051000002900000060000000905037200007016
008360700000000006035002400900400007007090100200007005001700890800000000009041200
520008600000000000003000418400009080300080007010400002961000800000000000004200031
100230800000010030600000041050300060004000200060007050490000008020050000003024006
001079000859004700000000004020100506000020000106003080700000000008700963000380100
000006002305020180000000900000058004028479350400310000006000000034090607200100000
900000082004000000080070305005300000100265004000008500203010070000000400870000003
830049150002500080000000000094720000005090700000065420000000000040003200029450037
895004200000800070000000009000030084508901703960070000100000000050007000006500147
000090700000000005050607034012060500700285001003040860270809050600000000005070000
