460000000200950000008160450026800005100000008500002670017026500000089006000000087
000070000000100640020005097400007300003426700005300004940800030031004000000060000
100006080000820000009000306000000538003572400945000000307000200000061000020900005
870100040300002580020000000000080410000496000045010000000000070032700008080001029
800002946670400030000500000000900004340000085500004000000007000020005019498100003
209000460060098001000460090000004950000010000046500000050039000300240010094000302
043000000200000900700081540000012360000000000072490000031950007008000003000000690
000000000003000064720630008000040032204080605560090000900028043410000500000000000
049013200000000410150600030006001000000307000000500100090002075032000000005190340
950204600000069302020000000000093480100000003087420000000000070608940000005308064
007000800290000030000430007843790206000000000702081394500047000060000079009000500
190000000004010006500702800000009075000237000720600000001508003300020600000000047
570690004803000000060300000020050000049020150000030080000003020000000408200047035
700100006000079500000000082070905800400080003008704050690000000002340000500001008
502700900010030000009500001040010092901000305850020010100003400000050060006008509
009600000000071090030029000340000109500903007906000042000590010010230000000008600
980450000002076005005200900570000004000000000600000072008002100100390200000048053
080700000000030400105408600398000000070306080000000513007203806002040000000007040
000060020800007650270000008701620980000080000098075102600000095027800001080040000
985062000004500000600000000009680040800000007030024500000000002000001800000830615
540020000010006002006500090000003480007010300084200000050002700600800050000050069
002079050000004000470000000840000592007405300365000048000000039000500000030860400
000009408008170005002000601000006050000942000010500000506000200700064500201300000
570008130100750008020000000000000900000824000006000000000000060400032007089100043
100080002600400080090070640023607000000090000000804520084060030070001008900040005
000000000850010000710040058000096200020851030006420000930080045000060079000000000
720850000000004950045000800070030205200000004803020090008000620092600000000018039
040010070600000000209007164360100000002000300000002091917500806000000005020040030
120000000004800000873204000680000000002080100000000034000903752000005400000000093
050270034600500000000000091010600009004000200900002080340000000000006007760093010
473090000000000000001600745048500001000000000600008930514007200000000000000030459
304720000810000950000000000000031002007000500500480000000000000076000029000076803
003910000000003900510000037928400000006000300000007896340000089007800000000042600
050000000483200060201050000000410076004607100610028000000090607060002385000000040
000306001009001050005200300000000072018040590970000000004009700090100400300804000
100008604506410003000000000000501708001000300308907000000000000700024806803100005
023080400001600050000040080000000030046503270050000000010020000090004700004050910
600020319029600000000000056030910004000000000700082030570000000000005670986070003
247006908800000000010300007690041000000060000000230095100003070000000006302700841
270006000600079000900100000008200009390701062100004800000007004000960008000500036
500000003080910060009500080000600007005897200600004000090001600040056090700000004
120040000004500000086700000000000608098236450401000000000007890000009500000020047
000000000015040070900008024003012000700864005000370100670200009030080610000000000
097000000000000010600001302008600009026030840400009500302500006050000000000000430
809320700000400080002080000030000006056040870700000090000050400090006000003014207
096800204000060000008902000060000003805000709200000060000703800000010000502008670
710400000000800590059000000007600004032000760600008900000000250063001000000002073
500100408300600000000008061090001000480000095000200010740800000000002007806003004
001570002200008970000009000010400009092060830800002010000200000043800005700054300
600001020000703900007090010000009038000000000420800000080050100009307000040200003
000002487407000000000007510000008043000156000810700000038200000000000308791800000
000020600092630870300050010005001000039060120000800500010080002047016950006070000
900048275010290040000000000020000007309000504400000080000000000090014030852760009
000080009002100600390600020008200030000000000070005200060004053005006800100090000
200000010540000070009500023000200300075030480002008000410009700020000041050000009
000070043700823006000000500570000000080402060000000014007000000600534007420010000
000090805000526090905000300087000000001489200000000680003000408010345000504060000
000009500070030008400020076060207000500000007000501080810040002200050030009300000
000000030000208500402501009001000004067000950500000800100802605008103000040000000
900630075063700000100000000000900001038070420400008000000000007000007210570016004
301000200080007450000080000060704000045010780000208090000060000096800070008000506
007000000058003600003100020000032060012000830070680000030007100005400390000000500
001400509090000100000509062089100000000000000000007410810203000002000030305006800
042950000030008000809326000600000090024060380080000002000639108000800070000075930
500000000000000276102970000030500142400010005251008060000027509728000000000000007
007000000400085003056430000013800000900000005000002930000078140600140007000000800
000051800508200004010000000000007520800902001023800000000000060100008409007460000
000000200400001530093502084000400020204806109010007000540209610021600007009000000
900000400021950060800201000100000000097000320000000005000308004050067290002000008
008070001600001000503000200901508000060000020000306908006000704000800009400060800
000000006008200490090007502007520001001000900600039700402700060079005200300000000
800020000000095000100006790000000230409513607036000000074100008000630000000070003
760000000000020046049050000073009000804000509000200470000080690230060000000000087
012905300603400500000600040100000050000000000090000007030009000006001903001503420
015700000906500007000062010000000835309000706758000000090180000600004103000006980
000003800002000040300095060004200001000146000600009300050610002090000400007900000
046020001000301407000060050000000010500104008070000000060040000401207000200010530
300049200010370400008001007400000090070000020090000005500400100004096070006510003
300000240900010003008002706000700100000164000002005000203900500400050007095000004
000000049006020105050004000060040900020905030008010070000500020902030400710000000
009000000000450060000069107043005200061000450005200370908530000030018000000000700
905301006270900000104000000000009560400030008057400000000000801000003047700104903
900002000000056102000000089230007400840010057005200031320000000508120000000800004
400903008006000000020500090709200084054080270230004605080009020000000800300807006
900000001005007090480000020020056000074000560000420080040000057050300200700000003
008002760250000008040000000000240190002609500091085000000000050900000032025100800
090000000240607001860105000000003010009406300010800000000504086400908037000000020
070280000050090830903000000600020000890506042000040005000000709062070080000038050
070000806018300900300000000000806209000010000809205000000000003005001690203000050
003100000200050900946000000000000215002917300431000000000000794005070001000008500
547060030006000080900007000000001804000070000304900000000200007090000100070050693
200680000003004080000000507060700000304809206000001070705000000020500100000016002
208050061000090200600000800000025003004709600500630000009000008003040000450060309
500000001930620080000005900000000150008901300097000000002500000010089032800000004
000200300000095060007300040018600025700102004960004180070006500050970000009003000
000007000001080006658000030004010200100309005009070300020000953400050600000200000
000300050083004000045706000420000030700000004030000068000408320000200980010007000
000930010000060007389100600070600500460000079002007080007001254900050000010026000
901030056002000890830000000093800000000524000000006580000000061069000700120060905
132000000000700000709010500400500203050080090603002001004030109000008000000000348
000000000019860020000907486038000090007040200040000360951408000080093140000000000
000004509451020003300008020030040000900000001000050030020400007600080412508700000
069000000000680000102000060200704100405109803006805004050000209000018000000000370
001200000600017002080546000720000000106000408000000016000475060900860005000002300
100000300000746000000105097016000008008000500500000240820504000000968000007000005
004080020030006001000573600000000004041932750900000000005314000300200070090060100
804600000065897000390004000908001000000000000000700509000500027000148360000002108
000068500000000001080714300006920030800040006090083100002879040600000000007430000
300000061000070950100900800600007090000326000020500006004008009073040000260000003
000000200000002057000169038040000009500236004300000010150693000290700000004000000
010020003005009800000461250100002390000030000046100008031957000002800500500010030
090000000804091000200004300008700400750000098002008700006200003000950102000000070
000800670000040020000007910209008007003000400800100205014500000030070000078006000
001000048000004205000360000000600102096020450805001000000036000302700000460000300
000514870000078403000000000300001700080709040007600001000000000905480000071295000
008460000304900800090000000050007230400000007013500080000000060006002509000085300
700006800960000043014070560000000100000762000007000000076020430430000087002300001
091700000080005070005084090603010000000302000000040306070950200020400060000001980
900300560500204000060009000005000006036040780700000900000700020000502009087003005
900000006006007250054006001007409003000361000100708600800500120071600300200000008
000008000007000043192640000008020070900060008050080900000014265580000700000500000
083000000000037000097002001902005010001629700060300204100200530000760000000000960
074200000000000009300069800009120300508000602003058400006470003200000000000002150
800310920000500830000000006060900002025764180900003070500000000096002000013095008
060084019000010005001620040086000000500000001000000480090068200600040000710950060
050000760036090001040600000001407305000080000704509800000008050500070280018000070
835000000000085009000006300070004065001070400620800030002400000700160000000000213
009060000004050006600901580000500040046000230070004000082709003700020800000080100
006310004500800020009000030000000059800020001490000000070000200010006005300052700
000012600800900002000070500006000987000301000954000100002040000700009001008520000
310000000000109045005607103070300902000000000409006030507208300640703000000000097
708010500003206000040000000070020000406080703000040010000000050000401300001030208
400028000000000760200300018100000800680102075007000001850001009014000000000850004
100000089406003507092000600000005040000821000020600000009000150604500702270000008
030800000009026300600005000900002710050174090061900003000500006008260100000009080
010800207900007000708004010080600001001000700600003080020300406000500009409001020
080300000030010000041507009000000087850000093370000000200403810000020030000009040
506300001000000640010000705000008250008603400054900000209000060035000000700004908
200000070087040305006097000005002003000475000100600500000750800508020930040000002
050100000000009040004070900400500019028010370910008002006050700070400000000001090
560000010000405006408700005001603000090000030000801200100008403700904000040000082
098630000017000906620000080001065000000802000000140700030000064704000510000019370
060830000007025000080007005600000170800174002072000009700500090000960400000048030
900000067060008300000002900000080670100604002056070000008400000005800040270000001
130802700000010900890000000000021005020587090700960000000000084003050000005108029
000004000000010508004800026380000209020000070406000081710003800205070000000600000
008075201105002070000010000804000000060481090000000405000050000050300809901720600
001090000009820460020001500000000986150000037693000000002100040015047600000050700
000600190400518030000003000000000920098070610052000000000900000060824001083006000
008000070605720080000080305764300000000000000000007856402070000050039104030000700
020050006006401000000002730600000970200000005038000002041700000000308500900020010
000006049000720080001000000040071090900602004030950010000000700080017000620300000
093006700005000300070052010000025900000000000004170000080240030006000100001600240
010700000030040002804260100240000900000080000005000041007092408500010070000007020
740000590060000000900803000430000000002904300000000065000501003000000080029000056
000003060000200800970000523000035006030862090600910000283000079005009000090100000
408062100000500090000041200080000003100207006900000050005320000020005000009610508
001060008900000020002079005000030780000701000076020000200410300090000002300080600
008307000907210000020000008070009030003541800010700040500000080000085903000103500
800060000090180070700003510900500000020070030000006004079400001010027080000010005
000000000006029074700008290000800006670040083900006000069300001510490600000000000
050010970090500120008000000000003450300050007045600000000000500021005040079020010
086000902000000834009002000060230090008704300070086040000500400952000000804000560
700000100684071300000500080010050076000000000950040010070002000009410638008000002
790030000000800906000700041000000408020080050306000000140009000902006000000070094
002009005080700010700001080050400000840050076000006050060200004090007020300100500
000001507000000039500006020057008001000379000900500780090800004360000000104700000
591000000400007000008020430280900000000000000000004065029080100000700004000000658
000000300750010004000003027008029700090040030004170200380900000400030065002000000
200500000054029000890007000000908450005000100081603000000700019000430870000005003
076900000900000610045010007000030204003604100409020000700060490094000001000003750
800090301056003000300000000005780042070030080280045700000000006000300510409050003
087096000005200000000030020050072400010000060009310070070050000000008900000920310
900004008000683090000000406002040600047000930009070200704000000060519000500400003
026509000040010200700000006954000000070304090000000475200000001008020050000901860
000640000000000026270300400002083060068020910040710200001004032580000000000038000
890030024030000000004780000900600010008307400010008003000092100000000040140050079
800000020003067980005000000940005000000124000000900031000000200028730100060000009
100070060008930700000400005040800600010000040003004050900003000007082900030040008
000100920109004306006005400300070590000000000061090004004800600903400208085009000
500080070900270000027060059000000508089000140105000000360010790000027006090030001
000004765008000000160050090090020000024905130000060040080030024000000600259600000
000070500060009100009010082000000960300107005095000000230050800007300090008020000
000300008000040069500076000003580900208090405007021600000230006140060000300004000
600120000009000236000009000010700023002030800430006090000800000846000900000041008
200001000000080034104700008060073000007060800000840010700008402950010000000900001
000000005040030800000008472790052300020000010006910054679300000005080040400000000
000040080040200500000195240025000000100309006000000430062931000003004010010070000
000014230000200980240000005000005070030726050060400000300000049024007000058340000
200000460007413000034060000010020000020601080000080050000030140000246300045000002
390001006000000030500003702000019405000000000908560000105800009070000000600700014
809074000002069040300000000000000600230090017004000000000000004060810300000430806
420001000000400170008000003000000507509642308803000000100000700032007000000100096
300000000405607200079300008100008000000040000000700004200009350004503906000000001
090006007000008340700900100000000403600351002209000000004009001012700000300100050
054006290000000007208000003000018500020090030001250000400000305800000000079500120
600300700300071040000000830001050903000020000902030600018000000090260005006003008
009008310000200047200050000000003480000060000093800000000030001850006000021700900
380900007006000100900800006001200000000513000000008400800002005003000200200009061
600000057000060190935000060700609000090070080000302009020000731016020000450000006
839012000000000090000004207090000083000508000760000050605200000080000000000180529
000000400000001063003026059370950000010000090000018072540190600830600000006000000
290000800000052000300000260000030002008426700600090000043000009000940000006000085
030050000000300600065409028083000000092060540000000830870205410004008000000090080
000000580000260910008300002000000371500090004374000000800009100053081000097000000
603072800000056000900000000730000090402000107060000032000000008000240000008760501
090400053700008020040009100000000900080050060006000000008600030060800007450007080
097600302000009400280000000600700000000983000000005004000000036001300000309008210
092000740001700003040050000100009000035000410000400006000030080400008900057000230
050400093003000450024000000000016000079050320000790000000000210096000500540007060
000200500047008009290004010800400000004000800000002003020900051100500340006003000
710035600250000000000200000080010300000763000004050060000008000000000054003590027
000000002000037400008602510072360900000000000001028760056201800007980000400000000
025100900809400003000079080080000200000901000007000010030710000500004801002006730
600009000000040050003170420060800004280000091500001080035086700070050000000400005
500701600710020000000000000091240007470108092600097840000000000000070089006903005
260030008000540300800200001310009200000000000002400017500002003009015000700080065
570060200009007000003000000001004005402509706600200800000000500000700600007050093
006500080052070009000002000068000004000605000900000670000800000200090150090004300
070000000100806504000000001003010007760090025200040800900000000508704006000000070
840000007000205049005040000000300006069578320700001000000090400450802000900000072
000700000150006074749200060900000000076503480000000005090005846580900031000008000
050000003680530010000010700000008201006070500309400000007090000060023047100000050
900200700000000560046007000030069200600000003008130090000500130091000000004008007
805090070092001003410080090030800000001902400000006030040020069300600720020070305
800005024000000000000081300034070006079354810200090740003920000000000000520600008
040000000068003050207610800000038400080050010004170000001087304050300180000000090
640005000009030005180040200007000014200000006450000800004090081800070400000300072
070105063000007000000030402105900000000354000000001907307010000000500000820706010
000600080000000041009014076600050400040000020007060003580240100370000000020003000
000002100030001082900000506800106000005000200000405003609000004280900060007600000
860500001002009600090000000000070065600030004780090000000000020005300700200004058
000670000000030950000005320809400070001000500070006109025800000048010000000064000
000000090800000005040719000100900002903050107600004008000321070500000001060000000
020867000001200000060090040005000006200716003700000200050030010000008600000479020
610000000052000060007250300060008002003070600700400050008021700070000590000000038
042003100000006000300000849401300000005020400000009705913000002000500000007100380
603000200000041090190000000030210060024000310060039080000000038070380000002000604
200000600700005000050029130460900000000201000000008015076590080000100002004000001
000002000083096207602700000038000520000308000056000340000005401509610780000800000
360009405000000000005000923020180007000706000600035080936000500000000000104500096
810000260200700030005200000000007300070060080009400000000009800040003005058000041
000200000300086000000704068024500009503000807600008250710605000000820005000007000
650400000003000950200008003400070100005020300006010002300700008072000600000002079
340000090820340100000002070000001006082060930600500000070200000006078052050000089
000000004080050090002400760003160800006090500007082600064001200030020070700000000
098600000042800001000023000000000095569070384410000000000940000900008460000002530
005320610300000008090007000006000479000000000913000200000900060700000003054032700
090400080710000000006500000078310500300000009004098370000002400000000035080007090
010400950079020000000000008042036509000000000603790240300000000000070690065001080
879040006000000050000910000640000000081090570000000081000078000020000000100060248
001000020009100000005040901020019000013708460000350070304080200000001700080000600
100903000063050000009100000070095360200000008035260010000009700000080140000704006
250049036080071000000200000000010580600000009034050000000007000000590070370180095
008004050002610804500000000000038900300000001009520000000000009604081700050700300
500400002074000000000002017010006300000378000007100080480500000000000960700009005
510970800000000906670000005900860000000010000000045001700000058105000000006087023
010004009406839000920610000000000036300000005690000000000092064000346802200100070
659000430170000000000600000006840700020060010004021900000003000000000045083000167
100970000090005080275040009000000003020307050800000000700090438030100020000036001
061408900403000060500320000000002009040931070300500000000013008010000302008204610
030048000000700000000009501028005600090000010001600230306900000000001000000250080
700000000418003000360090000520430080000108000080065072000040026000600813000000005
897000500001086040000900000053000000102000605000000310000004000060720800004000162
030000002502080009000903800000100000001694700000002000004809000800060405600000010
040000000209000000500094700020060508710802093405070010007680009000000807000000060
900032000000000007000980010806050730300040005052070601060091000200000000000420003
000010702801006040005004000207000000400020003000000609000500200070900806302040000
910082060050000000603070090039006100000000000008700520090010402000000080020530019
320790000006001250008000000000000074001807500690000000000000600064200700000056018
000090800060705002210000000000950007041000690300068000000000085400309020002040000
750000002000000400030210750000409007010050030900106000043091020002000000600000073
651200000400017000009500080040000005067000490800000030090005300000620008000001624
050007000040020006600001570070050091900000008810090060067300002200070030000900010
001007000000610037095000000012006000000489000000200760000000840520074000000900500
006700000000020900870090060008004000059802640000300100090070054004030000000006200
084000000910703800000000907009560020000000000030079500301000000002904063000000180
045000060890200730700000000500129000001050300000863005000000007052004089070000540
040000000030070050900800702005001090700030006020900500502004008080060040000000070
000400050074200860000000002096802500040060020002903410300000000015008290020001000
001650040000000080930074002705080000009000200000020507800540073050000000060097800
000000380460830100083200040104008000000000000000400706030006290002081037048000000
004001950050000620900000007043026000000389000000140730400000005076000010089500400
407120000060300001005000000000000170802951306091000000000000500700002030000039602
200059070500700008000008030009000016006090800320000900040100000700002004050640002
900800040006150000500070600080000290000000000051000060009030002000097100030002007
910000405800000000000850906304010090000609000070040502408023000000000008201000054
004100007690003000100450000000000081080615020320000000000071002000300015700006900
500002100080047000007500400000020001010734020400050000003009800000280030006100005
000008000308062400240070500000000910506000302021000000003050089002940605000200000
700000460009846020000200000000024107003000500401930000000009000090451600064000001
000030807000207010005008403560000700000000000009000081801700200020305000703080000
009030000630000000000016354140200900700000001006003075394750000000000097000020400
214503000030000000007014000080000520640289017072000080000790800000000060000106794
609370000043900006070000000156009080000050000080100564000000010700005940000093708
401009070009307000000000002800000450050908060094000008600000000000501200030800601
009300000600000003020090008800600700007458300001007009500060020100000004000004900
000000685002000000000039402900400260000703000056002003307640000000000900618000000
974000000008002070000100003540601302000000000601903045400006000030700500000000934
000310004430009108020000090080000500500908007002000030040000080201600053700034000
960004035200008790400000000000026070090000010070940000000000007021600008840300061
008700001901080050403002000002070000000209000000050600000100208020030104100006900
000008000039000005100070302090032046007040900340950020905010008200000530000500000
010807000000000600007061005000000582300000009524000000600320100003000000000108040
057980000000002080004060090300804100508000402006105009090010500040300000000046910
000005040007000000400701005061039082020060090840510730100604008000000200050100000
570000000000000009310009420253040000000593000000010356025600041100000000000000035
000030204000000031070120609000900400900000003006005000709014060610000000504080000
820001405605000830300080000000000650400020001083000000000070002048000703702900048
000000500090000063310086000400098000021050930000430008000940025230000010007000000
000000074035006020170090000000710002080502030400063000000080013040300280390000000
500170800700940050200000900007003040000000000090600700008000009060029008002034001
006019000290008700000000068509064000000000000000320409360000000005900047000130200
000000010004130900005000007600003020080205040040700009500000100007091600020000000
000017500520000670000009008040070900010060020008030050400700000057000034001840000
502000900080306000040000380100630090000102000060089004026000070000708040004000508
081000000020100005000007004907830000300040008000062507200600000100004060000000950
050006900001003000637800001000048320300000007024370000700004562000600700009200010
000000950000100063000504107089400000000621000000008720506807000140006000038000000
040087000007500000960000870000005060012030940030400000098000052000009300000720010
000000028042000700600300000230016004008090300500830069000003007007000890390000000
000007300020001000806009200062000530300752008085000120007900801000400090009100000
600800000830500000002010780900000000050164020000000004029070500000009041000003009
082906007000037060670000000510000690200000003064000058000000076020860000100702980
000000080251006004007920000002360109000000000506089700000015300700400625090000000
013000004004800000000061003050000400800649001009000070900280000000004500700000980
000000070400089001200600085690300000050000030000004092360001009500260008020000000
000004169016000040000000500060081007040030050300240090004000000090000820251600000
500029000839010000010000000042100080700000004050007160000000040000060857000850009
000105800000090040090800103250403060000000000010706035103009020070060000002304000
009040302300072460010600000000004807040000090208700000000007020024310006901060500
060004000005067004300102600400000012002000400830000006007503001100270500000900080
046000001850004060010008200000427000000000000000593000002600090060800024900000310
000320000008000400004009105000100020089000360040008000603200500005000200000087000
500300000960004000200071040010700900050198030009006010070460001000900086000003004
000039002900000000704520100010080000360000045000090070002067504000000009600250000
000000093039002700000600540000085000850000016000340000046003000001400670280000000
000000000040000065000597020009004001016208750700100200050872000870000040000000000
008136400740008000006002050400000002000467000800000005050600700000500013004873500
000030058200000300000002060860090104500107002102080095030800000009000007410070000
690000000040900030503004000210030700060070040004010068000600402020003070000000059
000000900090206010017930000060000501300080007805000090000045130030108020009000000
000000000081209036200030490040095060000020000010680040024060007560104920000000000
573010020000000000098060130300680000009000300000079008016040980000000000030020761
000000080007843100183000090004507000000182000000409700060000421002314900090000000
004700020030200000192000030000300470020080050063004000080000341000006080040009500
690020510050000300000000608000061000080705060000230000904000000003000080018050023
046810200900000100010000050000400092009080600250009000090000030001000005003096410
030050168000900300070008900000009600600070001002600000009300020005001000763090010
008010270510020000026305000800000010003070800050000009000801560000030082085060700
168009000070006000230500000600000079001000600590000003000001042000200090000900758
000071068003800000800005090045000802000000000908000340080500009000006400610420000
300000080800700000760350001105000004000902000600000109200039048000006003010000006
250000103003021000060000090001204809800000007905108200090000020000340900502000074
020730040308600200060028000000000405006000900204000000000410030005006108030082090
000300860800000400040000002004709105071524680209601700700000030002000004018003000
701000000030052007090800050084015000000030000000290310040009020200580090000000608
000003000081257000004000078000130020500708006070029000920000100000572640000300000
084000009010500300000070000820700400400030008009008076000090000002003040600000180
000000000471580030080372000009040180600000004043020700000296070090054618000000000
000000036700046200965000000000070009306209804800060000000000962009520001480000000
060000205905008407000907000400200900000000000003001008000103000107800309806000020
910603004050800000000059200000000073507080409890000000009510000000002040200708051
060007003000000000103406820000730900010000070008029000082905407000000000900200060
000917408005200670000000200000300807000080000306009000001000000058001700203765000
280600000400970000097000500350090000008000300000030024001000680000013009000008073
060000000400000090001070863070004902620837014504200080715060400040000006000000070
800000032200007180000980050000000890000163000075000000030058000046700008720000005
100460203670000000003000900810020000000708000000050098005000100000000062302089007
000040006000036810800100430020000050000981000040000060064007001072410000300050000
068000020902700060000003000000260103003000900401098000000900000030001407070000610
100300570000000600004020001030098200006000100001670090600080700005000000073004002
000003000000820030004950001380000006205080709400000013800012300070098000000600000
000000000400006709650700300082061500000000000003890140009007014204600003000000000
005087000702500000080009000071300902000040000208001530000800050000006109000210800
030056400600000000702130600000003060000020000020700000008072103000000005009810070
000410003000000510010030200050009820100020007047100090006080030081000000500091000
000007093005000000906001400010490006049178320700026010002800701000000200190700000
200067000080004200000000009065200030030080040040003690700000000009600050000530001
064019030309060000000004600400000100010806040006000002001400000000050307030790450
000042600140000070000000495071080004003954700500010860419000000060000037007620000
000000030008006002000190607060400005070030040400008090701042000200500400030000000
000028901700000000092100870100900000400080002000003006049001360000000005805260000
050600300000030008430802900907005000000000000000700806001308064600010000005004090
000000005340000026008400000000100007907506804800002000000003100630000042200000000
500000100100300020280700006000014700010000060005670000900003057070008003003000008
000009500050400001006000082701200000620050018000007609160000200400003070005100000
009000000003670000720000084000025097500000001280940000910000063000012900000000700
000007190020900006089000200500000941000000000943000005004000810100009030076300000
000000480200854006700000050000200090070463010050001000020000003400327001083000000
050809400004100002010050300000500030100000005070006000009010070600003500002405090
000500000016000000240789050007650009000000000400031500090423087000000430000005000
600200000000003000800900254063000000970080061000000540258001006000700000000009002
090070804700003000000010092618400000000000000000007621940080000000300006301050040
020005384350007269000000005407000000000463000000000401600000000542700016173600040
900000015000000400500006879300509040008347900040102007281600003005000000460000001
006089074090000380008003290004950000030701040000034700073400900049000020810390400
030000002001005908000010470500600000007000500000008003053060000804500700900000020
000006500702405006406000007010000309070090020903000070800000102500603408009800000
000010475000052300000600000020006040346020789090400060000001000002540000685090000
803250007750004021010000000100409000000080000000503002000000090520800064400032105
820004500005800007009020004067200000000000000000009760100050900900006800004700015
700003002004000030000640000010095020046000890020160040000016000080000700200500009
000071026300000071001000800080109004003040700900703080009000600460000007510860000
092715000470000000010084000700000080300020001060000003000260050000000064000541830
500008340018060950000900000000000079600109005780000000000003000037090460062800003
870000200012300006600020900000400000301000807000005000008070004500001620009000015
000306900000020040501009800240000000008703100000000068004500307010090000005104000
900001730000005026580020000000000081003167500610000000000010067750800000064300008
000800000000072950004500082010028400090010030008750090140007800086340000000006000
050090007070285000600000000030008071001000900560700080000000004000826030800040010
020803014700000000000002000050700806100030009208005040000900000000000001910207050
000904070700006002050000840530600000900283005000001039076000090100700008090408000
390500000007931006000006008603000000050000070000000402500100000100467800000009061
850106030700000000000030567903000070000040000010000904271080000000000005090704086
702000530000340006050700090000094000980000043000850000070002010500079000069000704
540000000091007030200089000000000407700306009906000000000260001010700350000000084
090030640000009053500004190000075000800603001000480000072300004350100000084020060
025031000038600400000700000073000100600000005002000760000003000009008510000460290
073080000502000040080150000000018300200000008001320000000049080040000903000060420
006042001900007200470003005000000050003409100090000000800300067005800002700250300
046000100750100060900004007000800500002030900008002000300400001090001073005000640
300000060460300107900080000000490000002608700000037000000060001809005034010000005
600030050340021670050700003010000000000607000000000040500008030036470018070050002
000000003003051600060200049270800060300000005040005087930007010002140900400000000
008700006020000000000008073006050390350010087012070400480600000000000040600007100
600700000009002050840060009910000230000000000023000045400050068060100500000006002
200008000806000010000496007000083460005000200063240000300829000050000309000300002
000007005700400009360015000004903000050000040000708500000570064500009007800100000
000500906160000000000020850000076320000203000013840000092080000000000087804002000
480700030003600009000000078020910080000807000040032010260000000700008100090006027
075090000000020004000003015006049270000030000024750600160200000500060000000010530
000642500000000409005000000610950207020178030503064098000000300706000000009416000
000000074905000206000280300000002740200458003041600000007063000302000607410000000
000014000020000010006030700072603091010000020930701450007060100060000030000450000
500003140000100000200000003805060030090251080010040907100000008000002000083500004
000000905000000030050010274020076009904125807600490050781050090040000000305000000
780020100100000000009308000872000000050000080000000246000205900000000007003090012
000054000236700000000300900017920000082000390000043720005007000000009246000480000
507000039000308500000070040000003061009060400160800000080050000005904000910000705
000080100000000560210900003006000002400123006300000700100008045094000000005030000
000000070000500008036900520007602800001080400009704300093006280100009000050000000
009300782800070000005400600600000800093000410002000009007001200000040007358009100
005100803900030000200000000050400060003896400040007020000000002000080004301009700
087300420004200056002060030910000000000030000000000047020080500860007300041003860
100900068309005100080016000500000040002040500030000006000170080003200607710008009
010058000007400000090100205003005100080030070009200600908006040000002800000890010
001038570003000000000509080400780060000000000080051002030907000000000400095840300
000009020320400070600300018000001680100000007032700000240005003080003052050900000
006701300000600009098302100000000005050000030400000000005109680200006000009208700
900263000001000602400000000000600500260548097004007000000000006108000300000482001
000006380000490000000301490020000901170040026506000040081704000000032000062800000
000000070054027008810000300500000040600205003070000009008000092200750130030000000
205000000006001500091500000060003800150090047004800060000002630002100400000000102
000050000000007360406930070000005002057000810900600000070062908014300000000070000
007600800030070020520000006000080004200106009800020000300000075050090060006008900
007290080058000002100800009000127400000060000009548000200001008500000960030059700
278000000500700001010460000800100000150070098000004003000082060400001005000000819
340005000008090000001060403000008054070000020860900000407080300000050700000300089
000094502000000040000082796218000000050020010000000624921850000060000000405960000
300000000207900000004720093002810540000402000041059700750098600000006309000000005
800600040401005003000039000006298000000000000000743500000950000200300608040002005
009300000100006020430000170000005002005237900200800000024000013090500008000003700
590031800000000200000000095960002700000090000007600058170000000005000000008740031
407009062908700400020008000000000005740020081100000000000800020004001507270900108
002400000017035000340890000094008000650000028000900540000089071000740380000001400
098040600030020000602000008000500006053000140400007000300000504000060030006080710
000050040090302607030060150043209000000000000000406390087090030305801060060020000
500800307008600000020503400000000016056040730910000000007201050000007800305008002
000000093008000050030810700490100000080405070000002049001078020070000300620000000
480709600062000900000200000043007000700020008000300750000004000004000890006508043
010003096074000000000080700108009000003070600000200108009050000000000280560400010
060904710450002000001007000596000008000609000800000692000700400000500086089406050
400700300050030064380000900000800720000000000045006000009000052560090080008001003
000000073350007000001049000040000209096251340802000050000120900000700025920000000
040000000008025900700010340024000000003908700000000480065030004007690200000000060
200001007900005306060090050005003400000000000003600100080030070507400001100500008
900000007020000300800034000070001504006040900204500070000120008005000060700000009
062903780000000006300048020030001000009080600000500090080420007600000000023807960
000759100800004000000000062130400000568000423000003016740000000000200009005146000
050000912000260000000000300005040003309801407400020600003000000000014000721000030
095000083000203010000000900002008105000917000706400800008000000060304000320000690
508300000900408000040001705002000056409000807680000300704900010000104009000007408
000520100000008060001640020010000830003864700047000090070056900030700000002039000
500807000086005400000000020030700000720108056000006030090000000002500140000201007
000200010000050087760081090300900000005070300000005006070540038420090000030008000
700106930000000020120050700000009300210408079009700000007090064030000000091607003
100087000000000070007400201700900100009835400008001009503008900080000000000790004
040005860310000009000000034020007100400010005001300040930000000100000078086400090
680300000009005600001700309100000070003641500020000001508002100002800700000006028
050000007180006000000000816007830004400629008800017300624000000000700051500000080
006000804039080060500040017000036080000000000050270000910060008020090370705000100
000100000068043000004070100370000004026304750500000021005020900000730580000001000
000000030000610074730400002906100020002000700070004506300001069450036000060000000
060340000000009205800100040000000850002010900074000000090007001605800000000052080
000090400903400006008350700006004000200000001000100800007048500100005603009010000
014000070000009020000460901020010709000000000308050060406082000050600000080000630
460302009198600003200001000000000980009000600026000000000900005300006792900705016
402601070010000400090040000006500000000867000000003200000090010001000050080102309
200108400140029080003400000000000850030000010072000000000007200050380046008901005
000100304080960050200080000400000010005030400090000008000020003050046020702001000
087340000004000000019078300000000167005090200728000000001620970000000600000039820
080067002002009007005020000000000070267040389040000000000070400300500900800230010
000300026520006740007500000000000080700901005080000000000002900059600073240009000
500060000009100000467300000070400050104000302050009060000002984000005600000040005
000000000205010060010608005380041900100000003006290081700402030030070408000000000
050009800000030054802100000008016900900000007006390400000002503320060000009400020
003160000060000030200003070800002740000548000025700008070800009090000020000057600
016000050050810000008006700500200040034090560060004007003700600000085090040000370
050008430000300050000700002730250900000030000009074068600007000010003000085400010
000080206003000870060700000600907000079010460000206008000004030025000600908050000
090300010000000203200801706000200509008030400603005000509703008302000000080002050
100000905902100006060000000080051420000080000071230080000000070700003102803000004
450000090000207400200009000001056300080000040005780900000900005003601000060000029
540000080687001000000000300000270400200803007009065000002000000000700964090000015
000002080020050009000609700039000006406090807200000930007506000100040020060100000
460010823105000006000000000000820000820604031000039000000000000200000704541060082
301008000050140300007000000005090060090537040070010500000000600006021070000400102
027005910050000006100020050000000109500702008209000000030040007900000040042900830
840005610000480000000000070060850200010000050005072080080000000000037000029100063
300610200000000067900000100000004503040080070709100000003000009190000000006038004
009210080050000006008000390000800000900324001000001000067000900400000020010072400
002400000953000000040005000089600005600307009100009680000800060000000847000004500
200340005040000000000007100020460019104020503590031020005900000000000080600084001
060401000200600000000097082800000164040000030931000008610250000000006007000103020
004607001100053470000000600300800040000201000010009003007000000086310005400702800
100900400000040025402007000006000080040786050020000600000100309780030000009002007
005048009000000000608070451704056000000000000000210604249060307000000000500430200
208700900196080040000004000003900850000000000065003400000600000070040368004007501
010024000007000090200600001900010000805000206000050009100008005040000800000230070
073050000900003065080700000065000000130607092000000810000006050750300008000010970
002000008100605300009030000000209001908000502600401000000010600006908004800000900
170580004000000000040760000031670050700000008050041630000058020000000000400017085
000070004830000020002050300060019080000705000020640090004080900010000035200060000
000607000190000000030005087020500008340020015800003090510200060000000042000801000
000000000020064050400092070092007100007000500003600240050320006060410090000000000
300000009004600100000090560000009005651000293400300000016040000002007600700000002
018000002406900100052040000000000860000506000047000000000080350005003201300000740
103900500000000140680000003860005010200176004010200067700000095098000000006009708
006305002400080000007062040208090030000503000030020609040830100000050004600904200
000004520000000401001005083079300000200507004000002870380900600602000000017800000
000000093000004600040001750600005800030070060007600009026900030001400000480000000
040008009003500000000374086100009000009080200000400007260945000000006700400800060
008004200003610479000000060506009000070020050000500804060000000917035600005900300
000000876407800200000097004041050900600000007008030460500320000006004509134000000
000050020100000038027006105000005700009802300002400000706500240280000001040070000
009160030400000000000090240600002800040618070008700009071080000000000003090021500
009054000700000090314000005005700021040010050130006800600000417070000002000170500
600007035090506010500000000009001040007903200080400700000000004040209060920600008
305070008000000005020000360901730020000954000030012507069000050500000000400090806
000400076000050032730600000007310000010206040000045200000002054960030000320004000
000000000000009140028001009005003980670080025089500700900600230032700000000000000
950003480400070003023090007010000000005040200000000070300080140500020008086100029
002345170030006000004700000070020589000000000269050030000007300000400050027581600
175006300300000102000001006030685000000000000000472080600900000403000007009500631
090308001400001200000470800800000610200000008019000003004087000006200004900103050
401709006000800200000042100060000008000394000900000020006970000005003000200608704
000005000000020580080000004051600037023080490690002810500000020076030000000700000
600380002070000000000049680700093200006020500002670001085460000000000010100032006
000007002031650008020900060000000410009413700014000000050001070100026850300500000
069403100800006092000008300000000079070000030240000000007800000690500008008604950
340900000000064080902037000031006000500000002000500130000380907020740000000001058
400100300510008000008007000090080004054000810200030070000500400000200061005006009
800740000100008047004020080082000010000000000030000920010060800750300001000087004
000810030200600400000002050800005010007238900090100005060700000003001004050046000
160080020048090030700005000000200070400060008050004000000900001070030290090020085
106050039300010800000800701020000003500104007600000080903001000001090002840070906
005000000000071098008060702000093400806040203004280000107030800530710000000000300
000904050709000000000310080023000005004030600500000340050073000000000906030201000
001063040600000007000901360000005701000000000407100000043809000200000008050730100
060010005502000000000007940004000020000872000070000100051300000000000406600020090
019407500800100200020009410002900040000000000040008100076200030008004001001603870
000030012000800000390400708004003000280000039000500600803005027000006000750040000
032801050800009700000020003060000030200408009010000080500090000004300007070102560
700040000000006008600051023506200090070000080090007402250190006100600000000020009
000005000930100000704260900070004003050070090600300040002038407000001059000500000
000500000008070050000086904700008042086000190190600008509830000010040800000005000
089205100470090000500600009050800000002000900000001050300007005000030091005902640
970024056000000109000700000020005764000000000415600090000002000603000000790830015
050010068037860200080000000002600000090050020000001800000000080006027950520030040
100800950000000000000703018096000405503080106701000280210305000000000000087001004
018300057000000306000200090000609040003020700090803000070005000209000000830002910
603070520012430000790050000000007005007000800900800000000080052000065390051090706
780002069001704000000000000005003001030478090800900300000000000000207500420300087
400006078000390000001000306300000705060415030205000004702000400000082000180900007
306040020800300500009002000900720060000000000070054003000200800005006009030070102
389540000000800000402000008001000924200080007975000300500000702000003000000018635
047000000000800032810000907600250170000030000021098006706000018130007000000000790
800400201003079800000008000000000709500090008406000000000200000005860400301007006
600000070080070020200003408008530000001206700000047800103400002090050060060000004
507096030020000000006008091002970000000000000000085600950800100000000060060130209
000070146006400000090008000004700030380000071070004500000900010000002600529040000
000400800031020600000006013710000040003080100050000037360500000005060780002004000
100000762370000100006000000090160005500307009400059010000000900004000057952000003
040209000000000080007040029400058000030060050000970001390080400010000000000504090
205040006010000034000109000590400000006000800000008093000905000460000080100060309
804700000069005107070000400090300010000020000080001030006000080702800340000002905
890006001600000090004920000060030200002645100001070060000082900070000008400700032
000009000026043087700000200030007060500000009070500020004000001250910430000700000
000050016000002390100904000080000001001489200700000060000503002038200000260040000
