578190000000000000142060870854000000000000000000000953019030426000000000000026791
130050026009603000800100000674000003000000000900000142000005007000308400460090085
005807004200900060006004000060000007090040050500000030000700600030005009100602800
800004100000005004300000080290710400003040700004039026060000003100400000009100002
816720000070500000032900000000000014600000009280000000000009320000008040000056987
043007000500006009060250000029000107000000000605000340000084060400600001000900720
000000000068704000009021006006300801004080700701009400900630100000902670000000000
000068090001207630500000000704350000000000000000021906000000003017905200040680000
000000900000005100600090234005009620020000040048100300413020006009400000002000000
002030780000000300050468000010000008000971000300000050000794060009000000086050900
600005407700080015000000206000009000450070091000500000506000000120060008807100004
001090070000008000064000003420059800030000060005210094900000150000500000010070600
032700006000306018060002300400000000009030700000000004007200080290405000800007520
000007800452000060010000009509810000000050000000096203100000080070000925005600000
093000600000008002600050001000007250048030760037900000900080006300100000006000420
020004805050000090001000000000097360700060002036850000000000100080000040902700030
502000000006507408008000050904010000080070090000080506040000200201608700000000901
090850203080000009005000006006700000000914000000002400500000900700000010801049050
085040000007200010000007690000090006002408300900030000074800000020006400000010570
209516000640000000050004000000000096064907350190000000000200080000000067000675903
000000047307100000000076082130000000006902400000000038960850000000001906710000000
001580006050000000006037950742000000600000008000000462035160200000000080100054600
000049000000001045026000000752000800009000100008000567000000370530700000000630000
354200000000040021700000000000600710005010800063004000000000002420090000000003184
005906000070310000092000000000003610040050020019400000000000870000067030000509400
060500001007468000000070008050000319200000004783000020400090000000214900900003040
001027305000000009000508410308200900000040000004009107083905000100000000409610700
000900780900006002802301500000000008019000420600000000005109807200400005093005000
900500020000000507000002698050100006001364200600008010429800000308000000070001009
040020700200060090900004000064190000080206040000075160000900002090080006005040030
175008000400070300080000010030800900600107003007003060090000050004010002000900634
009100050000050076000000000004030002028496530900010400000000000370020000060003800
006040000032060004580007000025000006340000098900000530000300047400020850000010300
000697300065001002000000009020400000004809100000005030300000000700100450001764000
000050600000019300000300058060000904002608500103000060570001000008470000001090000
005200300230000150090000000000690500109080602006042000000000030072000086008003200
090810302408009000000000000000005170050030020043900000000000000000500807106048030
000000940000040005204790001000006018900854006580200000100029604800010000059000000
006302080007001009001076000300000000040653020000000003000230900700400500060105200
200500000600000082000093406000000843002000900437000000801450000570000004000006008
000000960400020750800001002010007000000236000000900080200800009038070006071000000
000603009000000201300090000020069080050312090090750040000070004504000000900204000
000000209003079006006001003000350480000000000072068000800100300700890100309000000
100930650002865000070000000000000709029000580806000000000000040000186200018074005
120000009840050000750002000400078000030000070000420001000100094000080017300000062
600500090008003000000001625807609000000030000000708406714800000000300900080005007
920080000001900030000020800070000080300598006060000040004050000080001900000040067
003170080001005000000008603040500701030000060207006050108300000000800100060041200
000600090008070000613280000000000375001000600274000000000018463000020900040006000
190000000000008700026010000010500007002439600500001030000020980004600000000000076
002100000730800000000000693128040000000000000000050832847000000000009058000006300
130400600007900312000000000560040000701000403000070095000000000415002700002004036
000028005000000400040006029400000073200705001910000002170800030005000000300270000
006008000080000017000009203000020709300905004901040000108400000690000030000500800
180900006502730000040050000038000000020307040000000730000020080000013409800009025
200000470050900008006480000543000000100000009000000384000064200400005030067000005
029003600063000020000000004800030000001826900000040001300000000050000490008400510
500000000000005931001062080000200300400000007009001000020170600758900000000000002
008003057000000003500004200000080109300070004105060000003900005900000000460700900
470306002080007000005020900000000200540000031007000000003060100000700060200501074
004090000300568000006000090700000008010432060400000003040000600000349007000050200
700000000025600040003480000800960204400000003306054008000029600080006730000000009
000014026200800703000000050004901000100000008000302600090000000702009001810670000
000000900963408100048000000000036007090080010100940000000000420005802369009000000
700010200050000004000002037580401700000309000004807021460200000100000080009040005
090205607100400000070000800002643001000000000300752900001000030000004006605907020
007000010009007803038410070020001000000080000000200060010065380905700100080000500
690700000840030000000080070008005003400020001200800900030050000000010056000008024
070000000000000209500802071050003706000105000904200030160504008305000000000000040
000004083000030071700000090000000029604090507920000000080000004460010000530900000
390000600700408000800030000001000800070805040009000100000060001000702005007000082
316400000000870003500000094020000900000090000001000080270000005400031000000002378
600703000089000000000000006000082004503060208100340000900000000000000390000604005
000000000000061908700208050039000005008000400500000120080503001901470000000000000
654802000000003120000004006800000900060205010001000008100700000026300000000401689
000006485060300000000004670007000920100080007052000100025700000000009040479200000
010090570900000032080400006007004000060701050000600900600009080290000005078010020
061300000000000600290150000003000020400985003010000900000048079009000000000002540
900000010504700000000056904070000402000080000402000060805230000000004509040000007
526000000900000637000008000007405060400020003030709800000900000371000008000000271
003891000700200300090030600800000007000503000400000002002070050001002008000659200
500000000019600800003020519300500000000497000000006007832060100001005280000000006
000000304590400000300069800700900240000000000049001006008250009000004037407000000
000000420500002809001309005800050002050070040400080006900405600103800004045000000
006030900000080020840005000000000075005716800720000000000600013050040000001090200
620900030001050000003200710410000000000502000000000096032008500000030200080006043
007000630200610070080000002730020000000784000000050047300000080040032006018000900
408003000005200001000800090073000000800104002000000850030005000100007400000600203
000050080020000007073000419800095000030000070000130005352000690600000030090040000
000009406030000000047068000000095704009307200705480000000970150000000020103800000
030040006080100000040006000000070058003080400920010000000900010000007090500030040
900050082040602000000000705069000000007489200000000970705000000000805030890010004
000098000000000072097205300020000049000802000750000060002609450860000000000530000
407800000135600000000005000500070008620000013800010009000200000000004695000009801
300000026000800049008002010430950000000000000000074051050200300810003000640000002
630009100040830070800000000000046020002000400090270000000000007020083090008600041
007090030040000080200003040008000006000214000900000100090100003080000090030050700
030105270000000000000003841800970500900000008006058007592600000000000000043501080
000700925000000008002401070001258007000000000800649100020904700900000000674003000
000006005400900010901200060715030000000000000000070852090008701020004009800700000
000509482000002007700004000007000600500807004002000300000700005800200000673105000
047100000050000009390054000004560000700000004000021500000790068600000040000002190
800004000000023940100000030300002010090806050080300002020000004057680000000200007
000000020070009100508014000053087000200000009000420630000890704002600090080000000
450003020001007004006004050000000072005401300860000000040600700600700200070500069
000800076020700004705200000500000000003519800000000005000005901900003060850002000
000009047010000500090104083860090000000020000000060078540907030007000090620300000
080000406130540008005002000940020000000050000000030012000800700300014065504000080
000070000080000029003204010358020090000000000090060582020705300810000070000090000
800056000000007950960400000104760000000000000000023501000004085048200000000190003
001500000007600000900000402700000013040176080810000009204000006000004500000002900
200030004806000000000001090000090082085000910940060000060400000000000708700020003
200000000000009540000174000500000600018050270003000004000725000089400000000000001
100068000027000000000930000960000002401000306800000047000049000000000410000250003
759100000008000000041700000002060040007905100060020900000004230000000400000006819
312000000048000000009030060001069800930000021004170600060050300000000250000000416
007800014000009065800000070000790130000000000036021000010000008690500000750004300
000000010900010067125000300000803000400050008000207000006000294250090001080000000
020007300050640900080010000730000000010080060000000012000070030005039080008500090
792300000000000090360800000000650480006000900024018000000009037080000000000003824
100007900406030500009600800320010000000000000000070025004002300002080401005900008
416000000000070005700400020037605000001209600000807950070008002100090000000000397
000000140050000000000451800008510007060732080300086500006395000000000090047000000
700000000026010740000073600609540030000000000040028906003250000085090160000000009
003000082960004000007900000800040070100805006050070003000006300000200068690000200
340000060820030040000100000900060008600803004100040006000007000010080072070000051
008560000000009000091008005700000406040090070903000008100600820000300000000085300
000000043050002006106000700501790000009403800000015609002000105400600090710000000
001800006060702300000100009900000410004070600056000007500003000003209080200007500
000000020006700000795060400080020001040391060100050090003040276000006900070000000
900008000000060320048000000002400980080276040034009600000000210051040000000800006
780900060000020010309004000000000504000806000904000000000500306090080000060007029
000200517004910008100000000000520900000706000006098000000000005500069400281003000
000400596630050000004001000400000280020000010083000009000700900000080025749005000
850000090390008000000070008500002070200080004080400002600050000000600081040000037
000007000104280000730000000002003450040050080061700200000000041000031608000500000
000000070354000600000090400090600050500924007070003020003070000008000519060000000
050900700918000300000000019009150003000030000100026400820000000001000936005003020
087006010290000000056720400000104000900060001000305000009058170000000065010600380
230900000000000000070000125003670008700040006800095700596000080000000000000002057
000000914070931008008040000050000301000205000709000050000050800200164090547000000
000000004980000032002690000360002040508010206090700053000079300420000015800000000
000004000005910600010050427040000056000060000870000040154020060002049100000500000
108300070009000000060040008980100005006000700700005014800010040000000900090002506
000000000037000529845000000009075040003601900050840100000000795512000360000000000
000470080100000007800002690002000000060251030000000900091700003300000004070085000
004000000020908000600314000030000021145030968260000040000523009000406050000000300
005906020067000003300000090010064000030598070000120080050000008800000760070609100
008000000000000892900578010302050040000000000080060201070642005153000000000000900
050000600000002087309070000903200000400803002000001406000020904790300000002000050
400090800870000000005800010350040000000381000000060094060004100000000075003010008
870045000006007300090603000300000100400000003008000006000509040009400500000370018
500003907439000005000000060000936700000000000006854000020000000100000236704300008
000000200012080000968003000000200403003090800504007000000800724000050190006000000
197300000050702400000000007900100040004906700070005001800000000003407010000001324
000000010000091200030020607360000098100908006280000073403050060008740000020000000
001000000070050000083002004100009802009803400308700006900100340000080010000000200
070803000000100090005400006108000050730000084020000601900007500050001000000208040
401560030800090004000007100000000940000873000076000000005600000900050002040089501
092806005800320900400000000728000000009000700000000832000000004004068009500402670
053000900000000004417900380000370820000090000028015000036001572500000000001000430
000001007007240000254800000106300080000000000070002603000008136000027400900400000
052000003700000000000621700400010900023000840006080001008567000000000007200000310
800200000000060100695003000700000950004805600082000007000500279008090000000002001
006093070000002036000001048000030009001000600900050000710200000840300000060480700
002008906700130802000000030574000000000000000000000568090000000308062009601500200
000090760800100090095040030900002000037000520000500007060020180020006003083050000
608700000007620050900000206190000000004090500000000067509000003060018700000003405
806500000002030000000001750030000018000904000640000020071400000000090200000005809
860000400020100008007050006790200000000965000000003069200080700400007050001000083
190005006040060007500090000000008370000040000017600000000020003600010020400800061
000020504000700000980000012600480000050673090000019003460000087000007000105030000
009000005050298400000000760084005000600020007000800140067000000002187090100000300
900807000000030900041900000009004380008070600024600700000006490006080000000405001
060400002000000840700010060000290500008000300006045000070080001084000000900001030
020000000008000901096270000040750000200060004000029030000015860809000100000000050
900006000063010800041908000200000600034000910009000002000107230005090460000400007
004800517005090040006100000000000052000923000240000000000009800060080100487006900
000000000000720950940003080280001500003090800005200041010900075027038000000000000
010084006290600000800000700000000300780060094002000000009000002000007041100290060
000200000612000009000036010060000700004961200008000050020840000300000865000005000
400800060000050000000007432376000010900010003040000629815400000000030000090001004
002703800150260000003000000960000000800402003000000085000000100000017049001504300
000730002600000003700061005003800000054000860000006300300920007400000006200014000
410000000000000601000061087180034000000070000000620054250910000903000000000000023
902340000000060000650000000460009100080020090007400056000000078000010000000096501
006230008013060200000500010190000800000000000004000072080004000009010760200076500
000900000000007480030005109000600058009803600810009000602500030048700000000006000
000021000270804013130000000000000840009010500017000000000000096980207035000590000
050701900000006002040000036000100090700308001020009000460000050200600000009203070
009036005600010000002000730500104000090000080000809004026000900000050002300290600
400005106006008009007300000000000360500090007062000000000002700300500600901800004
009000003150300084004800000400003018000060000510400006000007800380006042600000300
097000005016230700000008000700060010002000400040050008000500000008074620300000590
000002600000600589800105003394000000000000000000000456500901008928006000007300000
803000640000000000290080300026170008030000060500063270008020096000000000079000805
600000040010007200000042000200504900093000450004106003000270000005800070060000009
002300000004100307709000010817000000000863000000000485050000901301006700000002500
000000000009460702000087060090000640300716009025000070010620000506043900000000000
600305000000080502080006004000003400130050079004700000200100030806030000000609005
060000000002006801580900000000500046020000080870002000000007053609300400000000090
000386000000000708901200000040600100007501300005007040000008903208000000000763000
000000800000029503100003024000697002070050090500432000820300005907240000004000000
230009000600830040005000000000390100307000905004081000000000200020064003000900017
430900070006030080090000400000300005000549000500008000003000010060020800020001039
900032007080600004003000050002001400000070000004800200090000600500009040300120009
000024000190000000700000082801300000520948017000001508960000005000000063000570000
700009300500000009064037000090060000008020100000070090000210830200000001006400002
006900007400006080057020004000102096000000000510608000600080540030200008800009200
683100007001000000070058006025000000008372900000000820800560040000000500500001673
054060380100730000000005010610000000003000600000000052080900000000074008067050290
396700000000002360000000010002004500000681000004300100010000000067800000000007625
000800000005002010148000000053090460000070000092060130000000521010400900000007000
802500001040000563000700000010800006000905000600007030000009000967000080400002607
090510020000020300006000050803000100964000537005000902080000200007040000030068010
500920000009630050034000000006000040140090028090000700000000370080061200000073001
009740000004080003005900001000000050502000806070000000800004700300050900000063100
600800400005090000000020390000200040020951070030004000081030000000040500009002008
000000400302004000400010805700405030020080050050109008807040009000800306001000000
450800090000060000090000760003005007700000004500200300024000010000010000080004072
000058062530006800000000000000000781700090005614000000000000000002700059950160000
400005900000076248030200000026000500300000007004000680000007010147590000003600005
060034000004000590710000006600150000007000300000023008300000027071000800000580030
000105002320000008106200000000020400870000053001070000000003901500000036400609000
149020800207000490000000002000031040000905000030860000300000000014000708005080321
000026000030000410090000002603800200000405000007002108200000090089000040000610000
500000060000010500060700309620000100040602030003000072109003050006020000080000003
200087300010000007000019020046000000370000012000000780060140000500000070009760008
005000760000700000476015900360900000000020000000001096004690351000007000098000400
000000006840070905756000400028030500000607000004020360007000854105080093400000000
100000005080000400004917020000120030008703200030058000010294300009000060800000002
005000070000786502000000060000008140007401600041900000020000000709625000060000300
006500300000604070000071082200000700008703400007000006760290000030106000005007900
005090000400000016006150800700020000000609000000080005009074100310000008000010200
708520000100000000020000038006040015000805000210030400460000020000000004000082901
000060930000900000300007016069700080005309600020006170930600001000002000058030000
020578040000009251000000000000004600086090430009800000000000000598100000040932060
000001002200300000740905000037600800050030060002008750000206084000007006800500000
040700009000003200970260040800100000001020500000008001090017082006800000700004010
000000932800000000000270604000900067000104000210005000108092000000000006379000000
000895000004000030520000070600030708001070900705080004010000092060000300000942000
080105030065000120000000009000560000200309004000048000800000000023000780040903010
009060003000003078010400900060074000001030700000150080004007090920300000700090300
300080972000001805000000000009000040004703600060000500000000000706200000158090003
400023006090000000002056070000080703100000004503010000050160900000000060900430007
001300000000000253900064000689010005100000006200030918000290007596000000000008100
004003090008020000650709000036000007001000500500000630000901046000030900090200800
015209000800000105070080000600000072000305000280000003000090050108000006000603280
070100800304970020000030097500000000008704200000000003460080000010042308003007050
321009600006005000090004000000000305270000049905000000000200080000100400002400761
090052000107000000000700500400000008932000761500000003008006000000000107000940030
001040000560000020700000500008001090970604032030900800002000003010000048000030700
013007200600980000045000000006790000070106030000035900000000720000052008002800350
160000007000003000000000194080020069000695000630010040754000000000900000200000056
206503000590000000700020000003001950600070001071200800000080009000000012000907605
006000005031008090000070200109003580000201000072500301005090000020300650300000900
000000005000040000000501349040900081090060070270004090364205000000090000100000000
051080300000003079000705002060000010802000703090000020900601000370800000006050930
000000085000041000000007349000070061007000400960050000358200000000380000190000000
007600000630000700000020063740005080900834007050900034590010000002000048000002900
000023509930000400000100000005700006014050830600002100000009000002000095409830000
050007630020006000400900000037050001801000503200010760000002008000100070072400010
010000300000569001060000070005200000090654080000007900050000020200381000009000060
000000910000914070000006408000500830400000002021009000907400000060871000015000000
170800000000000050000096001050300908003000700806004010400230000030000000000008075
000000010000601540090005602800090006002406900400030001203500060076204000080000000
800130200000006007025700000000000642000090000547000000000001490300800000004057001
450002000700100003000080701300005000002000900000800004105030000800004009000500086
000006004040081350000050700090500030073418960010009080007060000039140020400800000
000001403900000067000300010705208000020000090000109708080006000370000004504800000
214300000000000900609815000005021000002938500000650100000194307001000000000003891
000050720400210000003000004102600000000000000000004908300000600000075003095030000
900000403020000000030180200040001600000309000006800030002076010000000080705000006
163040009004000030000800600000005200920060017006200000007004000030000700400070923
960213000000047000000000073708000340000000000093000607580000000000850000000369051
368090000000000000009208005001030007007625800500010400600301900000000000000050174
000600001000890030002004900090087210000201000081360050005400300020075000600008000
000010000910500800687090020004000003000206000500000400070050298001009037000070000
900003086061040000203008000058000000000104000000000790000400305000070910320900008
006200008000050000048006090009503860500000009083907500020400910000070000100009400
976045000038000070004003500790000000000030000000000045003900600060000190000160357
938000000000070008070000420800702600060000040003806009025000030600030000000000176
000000010000280064800401300030090200020000090005070080002609007190058000070000000
090500604420000980000000030000100200001325400007008000050000000074000096809003050
100000060000004809004009371060710000000000000000056090283500900905800000010000007
000000298000800000008031406000004500007925100004700000702410900000009000439000000
800726000170000600000000980000370050020000030060041000051000000004000078000419005
030500000000040957050002001473000000000000000000000865500100090781030000000005010
009000010000001957240000000000007003180605079400300000000000081614700000070000300
800700340050100092000060000072000000300000004000000510000030000420005070035009006
012000000005030700480009003740506020000271000020304057500800031008060400000000680
081060000000014700000370005000000059910020037360000000600038000003250000000090270
000953007000000000139760400005004010700020003020500600006035749000000000300896000
000200000540000007000859300074000005310000029600000470007623000400000091000004000
607009080820300070500000100063208000000000000000903840005000004090002068080400305
070090400000850000008102009201000000009785300000000608300509800000074000004010030
000702105715009000000000040001000006026000980800000300050000000000600451308504000
000040080304002006005600300500000800020050010001000003007009200600200907080070000
000012080316080007002000040580200000000030000000007068060000800100040256070620000
700040900041500000000800001802000070056000120010000608200009000000003260008050009
600000030700800000809450000001530000060000070000069400000075109000004008020000005
000008007580002000210040006000000860004010900065000000900060035000700094700300000
000054010005300080079082000090000046001000200780000090000830460050006900060120000
000006900004000071008002640000093007070000090900750000041300500780000300003200000
073000005010002370000500000047850100000000000008094730000001000085700040100000680
000301980310000000000800040080040005700602004200050060050007000000000032023508000
204930700090010000000000030000300007930070018600008000060000000000050070002064501
300092000040000017000300800000000129700030006526000000007003000290000060000520008
040007039000900010350040000400090000805000104000030002000070063070008000980200040
000000000125300000009047350050000009000763000200000080013690400000004861000000000
700050008026300000000000590602003080000401000030600905095000000000002450300060001
000004000000001027309020400700038095090000010420150008004090102150800000000700000
080000003000000641000074080000300010675000239030006000010290000753000000800000060
000009000000000329320070041003000754200000003854000600930020075145000000000400000
729403000004700000000000000000060204610070083503080000000000000000009100000108362
000000800004003100900148007807000004000090000400000701700961005003400600002000000
700000000100207009903008540097021000000000000000890750085400301400302005000000006
000005000020906407000000392800001700000090000003700005431000000907308060000500000
870062000000000000900800054048200900090010080003009460630008002000000000000350076
679000000000000090200607004050100900900503001004006030300401009020000000000000472
357006000091007000000000093782000000005000900000000618510000000000800260000400851
213000004800600000600003080309062000002000400000140903020800007000006001400000265
100490800050710900000003000901200508300000004807004109000100000004069080009042001
009035040000000020000004080007008490200070003048300200050100000060000000020640700
000000100053000006000640037000060741060705090179030000610084000800000910002000000
021309040500061000004000030000030608000000000207090000080000700000720004070108320
652010008470000000000004000008500704200090001705008200000400000000000069100060825
200000760684030000170060000000001400060080030008700000000070095000040671036000008
059400000043001020000092000000000276008000500612000000000140000060300190000009680
870004300130000000000500008513080000000000000000020956900002000000000063006700049
050092106001000900070000000006100002000538000500004700000000040007000300305240070
009023500500009020060850970900000000007000200000000001073098060010700002008510300
000000050006007004030540060200030800703000501001080002040019080600200900090000000
300401000000070008005060200040005302000000000108600050003080900200040000000906007
164025000000000010038900000000290350000000000023016000000009230070000000000530691
000000600037040020005200007970001000010306080000900012800009200020080430001000000
080000020007000985900200710000901500000803000002407000038002009479000800060000070
000006000030094001870000200145600000000000000000003194004000025200480070000500000
000009000006001007703846001920000700000070000001000034500187306100600500000500000
308400162012000900000100500400000200000802000005000001003001000006000490824009603
000300004068405103500900070850000900090000020002000056070008009403609710600007000
875000029001700000430000000008009000004178600000400700000000032000005900190000875
000267080540090000000000000001000076093070210620000300000000000000010039030648000
900040030040560090000000804108020000005683900000090408802000000060052010010070002
000000000000920403080600090200040010013000720050030004020006050906087000000000000
490000000010237040006010000600000300320090068001000007000050800040381090000000015
000500109000870600700000008900200300002163800003005001200000006005098000309002000
040000057003027000009000000050032860000108000072450010000000500000280100290000070
001600000002500019050081000000000345000000000784000000000390060410006500000007800
930200000070000002004000900000608100800572004002104000008000400300000090000001057
000001503910003200000026800000000057005962400460000000009350000004600085306200000
008000410000004000070010095705630000600080002000052603580020040000900000017000300
010400000000530600635007002000000840700000009053000000400900738008071000000002050
000000080000600002062900504000480065000030000180029000408001730900004000070000000
040010020000006004608000050000020109010000080503070000030000905800100000020060040
000030087350040002000810300786000000200000004000000768002054000100080079960070000
000000000004005008760800240000009105109000607508700000031002096600300800000000000
000005060004360002500700480700003000003278900000600007062007005800032700010900000
500089040200001000000200030080000901300907004609000070090002000000300006020490007
930500000650000200708004000000090020306010807080070000000900106005000073000008042
053400000000002004406000510000070008001634200500010000012000705900700000000001490
059800040000006007100030900504000000890000064000000201005090002700100000020005480
300000009507302060000010008006800000010705080000003600900030000060407105100000004
030040005200007406080200000004000090000593000060000500000008010705100008300020050
000400280690000000007023000136800000000090000000006571000530900000000023073004000
000050631000080004000001020186000000005020400000000516040500000300090000218070000
560700008080460300709000000900800000000914000000007003000000705005048090800009032
003000795200001000400500000040390020090080030030016070000004007000100006381000900
050190000010300054300000680406900000000020000000005408087000005240001060000049070
000000068000107900407060000000006035200503001390200000000030104003704000580000000
000109700900000200008007040000070050400912006090030000070200600002000005004308000
007000000030001402005028070100056080000283000080910006070860300402100060000000900
029600003000002500000800690341060000000010000000040317082009000006300000100006940
500600040020039000000000500000010970210000064076040000007000000000250090060004008
900006307204009000000000010600003900095010270007900006020000000000200504309800002
009002040000050000860709000325000090008000600040000723000203089000040000070800100
301000070005610000060000300500300090200040003090008002006000040000024600080000709
030000000000071060098560000204900000003000600000008407000092780040750000000000090
009021400000040108104700300500000000391000562000000009005002601206030000008590200
792340000008005320000000000020000500041206790005000040000000000059800400000072685
060000900900010460001070005032104000000000000000208610600020100025040003003000050
090600008037009000000080090300008000061273580000400007010020000000100260200005010
601420000040000270000031000080000300000316000002000040000190000029000080000063907
604005020098006070000009400405020000000000000000050708003500000070100930040800107
000000080530000100108906004704039000000000000000280507900302406007000023020000000
706000000100800009050736021000900302000080000609001000270514060500008007000000205
000283900720000000800060030500300700080000060009001002010030004000000026008724000
060508300000090014900006000453000000700000003000000852000900005840020000006405070
800007060009308000040000120082090000000501000000030850034000080000903600020800007
200070000900000046003062005800000100002705600006000004600840300530000009000030001
063750000000000004000204700000081030100000008020670000007103000500000000000027160
090001450000005009000004083060019800000307000001850070640500000300700000089100060
800020050000000001000038962002079000060802010000310400293180000600000000080060005
806005400000004200100320005907000000050000080000000703400017009008600000009500807
000030070700006900003070058970000200820904037001000089340050800008600004060040000
004090100160005300000200000000000008078030460900000000000009000009500027001040800
130005000060007500400130000850000200070020090001000058000054009009600030000800047
020000100500800300000010029046300250000105000075006430490060000007009005008000090
000600008428500390190300500385400000000000000000006843003002087041003265800005000
050000070000300005000957408800070020009010300030060007408135000500002000070000010
005003070700009002000040001809000057060000090270000106400060000300500004080100700
100502080000003000005980007000000052001060900640000000700059300000300000090706001
000000040073200000542000371695004000000070000000900516739000452000009130050000000
100000090000912080002000600070040005900080004300090010009000300050638000040000006
000000200875300000000059003350097008000000000900180032100640000000003641003000000
000000000001003829002000534020839000500060003000457080285000400364500100000000000
750000360900070004000400000000500800105986407008007000000004000800020006076000052
070800000108000000309704060000530420001402700064087000040608309000000204000005070
340080020008400000000007108030005000400000006000700010907800000000002300080090074
009100003010007680000080000700200100008506300001003009000050000032700060100009400
900000038800002000050000600060720800007060900001094060005000010000500007420000006
000009072478000000000300010740050000062000730000070024050001000000000963380600000
250080000000000004090074580000018070800020009030640000072190040100000000000060021
000021060000000004918000000005602079009050300140703200000000641500000000070280000
497021008300005900800000000000000105030000080106000000000000001003200007700380492
008060000000100050001500023032000079000000000940000230480002600050007000000040700
090031400100000080300670000030006800000090000006100030000043002060000007004760010
900000300010260080000090006000007900409030807007800000600020000090053020003000004
130007006290600000500180000300000020040030060050000007000074005000001072400900018
500040000498070500701500000010007820000000000083100090000005209005020681000010003
000004620300000000100900008050080070002637800030020040900006001000000007073200000
805900000900300800000008956008040020000000000070050100154600000006001009000003601
000000900040260007000081020801000570000798000073000408050940000600013050007000000
094006002050007009002010000239000000000000000000000318000070500300200090800900230
130025090020000000070490600000000004010937020200000000002061080000000050090780046
007840600000000010420060000006700000092080750000006400000050083010000000008073200
600700020000090150800001740000280030000000000060043000042800009095010000080009005
009315400205004017100000000003000040000207000040000900000000008350100204006432700
000009401000500003040170600000000902320000054105000000006012030900006000702300000
000050000005097604040200901400000000008974500000000008709003020506710400000060000
760400008000000000930000762005020000200807004000060900187000095000000000400002073
014000006000400000000095400300200078900000002750003009007360000000008000400000130
000570309000301008002000000400000500050289010001000006000000400700904000905027000
075000390000009200600001700000020003029000540300080000008700006007200000064000170
000031080089450000000200007350000000008000400000000021500003000000095230040620000
008007400000480012001000350000360070000000000060054000025000800180075000004200500
000000507006070029000009000001405790070030010065107200000900000730080100102000000
000200000020090380690800000082600090010000070030007810000001037061040050000002000
000000701500000043071000005005091007000546000600270900300000580420000006107000000
700000040500006090091500000058020010200030004070080260000007450060900001030000007
000060705467820000850000000900010000004907600000080009000000023000051974205040000
002053709400000000008007000000900087800070005290008000000400300000000006709680100
090004080000020007003076040001700403000060000908002100010490200700030000040200010
000009001000680520700002600006000700030020010005000400002500008019046000600200000
000204008008000500020000307002800000040659020000002900509000060006000400300907000
000307006790000040520140000030000908000000000804000070000072094080000017400905000
060059000000218006530000000000000481408030709179000000000000093600983000000670050
073000500800070200000009087902406000000020000000508602290100000006080003008000140
000841026492700008000000000208090000000107000000030607000000000600009743540316000
000904000030700509902000010000530900000000000009048000070000306204006080000102000
042060007000029408000000000600108050004050800050206009000000000108730000200080930
607800000100025700000000400030900080001050900090002070005000000002340001000009206
004030007920040030000008000000095700200483009008210000000800000040020095600050800
004200000003000001000873000100002040802030709040700003000651000700000900000007200
080735000000008260000020005041500307900000004507009120300050000054800000000914030
300920001005000700004700005000000048403050106270000000700006800006000300500014007
260040093704501200090000000010000000000639000000000020000000040009208306380060079
900600008000100200000042603003000009007358100500000800406820000009007000700006001
000850400200001000170000020000000067400275003780000000050000094000300002002014000
724000900000705000050049100207000036000000000490000702006180020000406000002000674
000000830018300005000706000007000059200000007850000100000901000400005210083000000
041308000780600000030400000008000070600801009020000500000004030000007084000902610
753000000080000009000030400200067000070354080000120006006080000500000040000000928
030900600002805000810000005740006000000508000000400012900000034000709500001003070
000405921009630040000000000900007080070564010050900007000000000080056100692301000
700500001000002530004010700000090086000235000370040000007050100046300000900007004
000002000040000080063000170030008001001495600900300040098000250050000060000600000
000000807060830000201400000000000045690020031150000000000004509000051020503000000
000000005600020903000371002057000300000703000002000470900264000406010008700000000
000017000002000000304500010430000050090175060060000021020006309000000200000890000
700000000006042000028000350003001270090000030012500900045000780000260400000000003
370500062020706000000000008006970300000000000001042800900000000000609020860007054
005000000867013005400700001078000000000429000000000310500002007100560928000000500
007021900002400000000300201300000005600249003100000004203007000000004500001980300
000017500500200000091600234030000900000701000005000020283004750000002009004370000
500080000006000090300045800050000001000172000700000080009860003070000600000050004
002900000904300100860000070030080000406000203000010050040000017007009405000004900
000000008000300007009045002070400003540030089300007020900620500200001000100000000
003094570401000000000007004106070390000080000038040207600700000000000706057830100
084000970000060008000104030700000052000576000860000004020907000500010000019000320
000200006802000000050100290009800100010904070008005600061009030000000407300007000
400000000372001600560700280007200006000060000600003400016007094005100362000000001
460020000000000043980600000300800070000917000050006008000001094290000000000070085
840060000520091000007002001789000000000030000000000586400900700000120063000070018
370004021120000503000000000000045900040000060009160000000000000403000019290800036
000068705000350001020000000005007200007040600003600500000000090600085000809730000
800000006001500000043900075030000607000408000704000080520006810000005200300000004
710000009002800600300900040000504100080000090009201000030009006001007900400000023
850100072000007000407350000000001900530000061001500000000025308000400000360009015
720300000004000000000574060071020005430050082500040170040715000000000800000002046
800030104006000003701008006000070000008305600000040000900700408100000700607090001
589020000021370000000008000000013690065000280097680000000800000000037420000060358
000600000127000000060009005570906003040010090200807056900300020000000384000002000
400001000000070902708009001030000270000040000021000080200300406309050000000100003
032100008000000023610004000046590000000000000000032740000400059190000000500008310
570600100000000009003795800000081000420000061000260000001876900800000000002003018
000900015900030000054600020000004009016000430200300000060001350000070004820006000
040000130000000006100923000002030800800000002006010900000567004400000000025000080
139800000000000000200000631800401070004000100050602008498000005000000000000007982
007090000000800059006000210720053000040000070000970023098000700530002000000040800
002006080001705094009000000030000000005604200000000010000000400560108300090200100
700200300082000900095000006600790000000030000000058004400000780003000610007001003
900700050020300006016020800007001000008050900000900600009070160800002040040005007
590000370000000800004798020001086000000902000000170900010537600006000000059000038
519240000200006000000500200090030400402010603001060020006009000000100008000023514
010006025002001064000090000604009007800030002300700406000060000230800600740900050
194200050750009201000000000863007000000000000000400879000000000501900026040002317
060000000731960000089700000018270000007000100000086750000004510000052687000000090
100000000300290700004050000047300010600010002090006840000060900005048006000000005
309000000800070000010000056001008600000912000004700200280000090000040001000000307
000000070000004895470100000090400501500000009204006080000002068946500000020000000
400200080000009030072000009000043000058000790000590000600000910080400000020006005
030800060000920004000000892000200610000489000027005000196000000300062000070004030
000000017006180500030076000500003090300010006090200005000790040004031900920000000
300529010000000300050700080500600800000301000006005004040007020005000000090152007
000000009014600000086703050502040000009000200000030506090201670000007890100000000
000009080010000200000005904900006002080901030400500006307400000006000020040200000
372900000000000004000007830009700008013000460500006200024800000800000000000003581
000000000790040063001600005407001900050473020008900304900007400840090037000000000
000000000020340058013026000900700005000050000800009002000210430240035090000000000
809070200000002059000090070000003000720000093000500000040080000180200000007040301
000090502030002108000130000070001480000000000058400060000028000809500020405010000
080090010037040006906003000205000000000408000000000504000200103300010480070030090
000230900000609273000000050963000000050000010000000345010000000792503000005041000
002081000007023090000000040108000007090070060200000809080000000060540900000630500
000300100000091060000087045960000010804000209010000087390450000020160000008009000
000010046420008000000009000007004109060000020908300400000800000000400095680030000
050000800000000204008301790560820000000000000000056029085403900402000000001000070
000020000000403107000000834715000009000040000400000563284000000103207000000050000
196820000500090000040003090009040072000000000480030900050400020000010008000052461
000300700430060001807004000000000106020090080604000000000900603100070025003008000
830007206000008304000000000000004035240010087350700000000000000104600000703100048
610000020000600003000530706000200907040080060701005000308059000100004000090000072
200600050000080000008107009540000001002805600800000027900501300000070000020009008
083200000000000004005009030801690000000010000000047208010700600400000000000005390
003070000200500009000032670010000207090080040407000060045720000600009004000050900
300000057000504003702000900400083000060040030000610008009000701800109000210000009
004000800500307400270000000000570006005060300800019000000000068007406009008000200
900800030200010694000400050009000006030604080600000700050007000827050003090008001
076200009100060000498000000200000400000134000007000006000000957000080003900007240
000000060483000009900800034702040000000301000000080607610007003200000581090000000
030000008000504010900010062197000000008090600000000749580060004060908000700000080
000000030000093027000281604029010005000000000700060180207139000190650000080000000
000000800003800000040090076250060030006548100090070085610030020000007900002000000
000060000000030962200008015058004000700000009000600250480500003539080000000010000
205460000000000005040073100071005000000090000000700890008340060300000000000056207
000000045400900761860000003000097000659020187000650000200000018138006009540000000
070000020010020600000043009000765200600000005007834000300170000001050040020000050
070106200200000000000070904301000000009804300000000605902050000000000007008203040
710900000600002000030514000000000856080000070364000000000675030000400001000001047
430627000000000000900038700047000010300070002010000540003710005000000000000462039
000070000000000352390100040430700008006000100700006034040003091675000000000020000
400500700000000050000803206830090005005080900200030014904102000010000000006007001
410080300000000140350200007090500000000308000000007020200006051071000000004030076
601038500058400000039600000000000069500000003340000000000004790000006310003870604
450003100000004000009280000090040500034010690005070040000025800000600000008100063
107536000000078000530000002070000006400985007800000090300000058000150000000824301
040007000000920060670000200020009500000582000006100080008000059050093000000200010
000637402005200000400000000204860000001040800000021604000000007000009100509416000
000000000000896400000273086790000034010739050530000019180927000003158000000000000
025070000800000000000004059009003001070801060200600300760900000000000003000030840
008040900014300068000608004075000000002000400000000580400906000680002750003050600
004700050006030200053000610000183000000070000000695000035000120009010500060009300
050010020908005040061080000080000003000276000100000070000050460070800902040060080
609000000000000600030607098500708060070146030060509007290401080008000000000000901
000100009520003000000090080003002098007030200240500100070060000000300041400007000
008950070600000100109007000000000790007325600081000000000200803002000007030094200
700060000009300000000040896002900010013000920090008600436010000000004200000090007
000000000165003900030140500000000403000421000407000000002075090001800357000000000
000710000090300007507000084740200000009000500000008092260000705300007010000046000
109047000523000000700000090005200004040571030900004500090000007000000246000780309
025600704800900000406700000710000000002050300000000017000006201000009006107002450
284730900009008000030000408000000080001409200020000000307000060000800100008056742
000000504764500000000100080001020308005090200206040700030007000000009862609000000
400000000300082000186309000070100600000504000003008070000401586000950004000000003
340020960000379000000000200008000001570000096600000800005000000000712000036080024
000306900600000010200004080405061090000809000070430806090200008020000007004608000
001002000052900000000080020003590210200060009019073500070010000000005760000700400
203060000500007000010003800100000070900436005050000003001900080000300006000050304
005090067900500001706000900030240600000000000009061070008000702400009003290010400
120000060000008005560700308800000000000951000000000007307009042600200000080000019
900800600000001080300000050070200041600070005490008070050000007040500000003006002
000001890006030001310500000000000035400309008180000000000007026800060300021400000
000030046000405970006098000060007001010020050500800060000980700091503000850070000
000009420000004098094000007000725006000000000700963000100000380280300000069100000
030000009900060742700004000000600100109080206007005000000200004452070008600000020
107804020603000000400070009370000000001020800000000013700050001000000408040701605
060100000015000009000085000050600007028507410100002050000270000500000960000001040
000004020031009500800500007000006790300000001012300000600005002004800670050700000
602750001504000000000020000301500080080000060050006104000030000000000609900042705
020063000907400000061050000000000312040000060512000000000020940000004105000980070
400370006030000040800100000046000027000000000320000980000008002090000010700043009
020596100400870500600000000200003600080060090004700003000000006007025001006938070
740982000000000000080001020420008097300295004910400032090500060000000000000719045
001520006900000080020000005000700108000139000405008000100000030030000009600073400
301070006004200080005000004000609070000020000020304000800000600070002500600030107
030800061100020000907001000000000028005010700690000000000400503000080007860003040
000009000800040300732060000204000000613090287000000603000010892008070005000600000
081400970000000050000870132100600000005000300000002009967043000020000000018006790
900000000000502801002074009700000040028000190090000007500610200607403000000000006
